"accelX.g.","accelY.g.","accelZ.g.","accelUserX.g.","accelUserY.g.","accelUserZ.g.","gyroX.rad.s.","gyroY.rad.s.","gyroZ.rad.s.","Roll.rads.","Pitch.rads.","Yaw.rads.","m11","m12","m13","m21","m22","m23","m31","m32","m33","qX","qY","qZ","qW","ActivityType","ActivityConfidence","Pressure.kilopascals.","RelativeAltitude.meters.","magX.µT.","magY.µT.","magZ.µT.","calMagX.µT.","calMagY.µT.","calMagZ.µT."
0.7491,0.0179,0.6625,0.0155,-0.0749,0.0835,-0.9299,0.6129,0.4261,2.2264,-0.0904,-3.0885,0.605,0.1038,-0.7894,0.0529,-0.9945,-0.0903,-0.7945,0.0129,-0.6072,0.8954,0.0438,-0.4422,-0.0288,"Bicleta","Med",100.7013,-0.9882,105.0841,112.9767,-383.1572,45.451,4.9557,2.6874
0.6866,0.0033,0.6448,-0.0595,-0.0679,0.0408,-0.9055,0.7696,0.4283,2.2338,-0.0815,-3.0841,0.6108,0.0994,-0.7855,0.0573,-0.995,-0.0814,-0.7897,0.0047,-0.6134,0.8971,0.0437,-0.439,-0.024,"Bicleta","Med",100.7013,-0.9882,105.0841,112.9767,-383.1572,45.451,4.9557,2.6874
0.662,0.0041,0.6479,-0.1046,-0.07,0.0234,-0.9136,0.8444,0.4377,2.2422,-0.0726,-3.0796,0.6174,0.0952,-0.7809,0.0618,-0.9955,-0.0725,-0.7842,-0.0035,-0.6205,0.8991,0.0436,-0.4352,-0.0192,"Bicleta","Med",100.7013,-0.9882,105.0841,112.9767,-383.1572,45.4518,4.6203,3.551
0.6586,-0.006,0.6743,-0.1169,-0.0601,0.0248,-0.9047,0.8827,0.4589,2.2511,-0.0634,-3.0755,0.6244,0.0907,-0.7758,0.0659,-0.9958,-0.0634,-0.7783,-0.0115,-0.6278,0.9011,0.0434,-0.4312,-0.0144,"Bicleta","Med",100.7013,-0.9882,105.0841,112.9767,-383.1572,45.4518,4.6203,3.551
0.6758,-0.0239,0.7278,-0.1088,-0.0658,0.0534,-0.8597,0.9453,0.49,2.2605,-0.0543,-3.0717,0.6318,0.0862,-0.7703,0.0697,-0.9961,-0.0542,-0.772,-0.0194,-0.6354,0.9032,0.0431,-0.4269,-0.0096,"Bicleta","Med",100.7013,-0.9882,105.1915,112.2581,-381.6036,45.6321,4.2582,4.2649
0.71,-0.0396,0.7727,-0.0799,-0.0732,0.0999,-0.8061,1.0124,0.5312,2.2704,-0.0451,-3.0688,0.6397,0.0812,-0.7643,0.0726,-0.9963,-0.0451,-0.7652,-0.0267,-0.6433,0.9054,0.0425,-0.4223,-0.0051,"Bicleta","Med",100.7013,-0.9882,105.1915,112.2581,-381.6036,45.6321,4.2582,4.2649
0.76,-0.0667,0.8031,-0.0344,-0.0827,0.132,-0.7508,1.0678,0.5776,2.281,-0.0359,-3.0664,0.6481,0.0761,-0.7578,0.0751,-0.9965,-0.0359,-0.7579,-0.0336,-0.6515,0.9078,0.0416,-0.4174,-6e-04,"Bicleta","Med",100.7013,-0.9882,105.1915,112.2581,-381.6036,45.3544,3.8076,4.9365
0.8182,-0.0938,0.8079,0.0271,-0.1014,0.1472,-0.6967,1.1508,0.6366,2.292,-0.0267,-3.0652,0.6569,0.0704,-0.7507,0.0763,-0.9967,-0.0267,-0.7501,-0.0397,-0.6601,0.9102,0.0403,-0.4122,0.0036,"Bicleta","Med",100.7013,-0.9882,105.1915,112.2581,-381.6036,45.3544,3.8076,4.9365
0.864,-0.1325,0.8041,0.0907,-0.1223,0.1377,-0.6521,1.3004,0.7034,2.3043,-0.0173,-3.0645,0.6665,0.0643,-0.7427,0.077,-0.9969,-0.0173,-0.7415,-0.0456,-0.6694,0.9128,0.0387,-0.4065,0.0078,"Bicleta","Med",100.7013,-0.9882,104.9515,111.2063,-380.2582,45.369,3.2034,5.9685
0.9044,-0.1439,0.7801,0.143,-0.148,0.1198,-0.5752,1.45,0.7372,2.3181,-0.0079,-3.0651,0.6773,0.0577,-0.7335,0.0764,-0.997,-0.0079,-0.7318,-0.0507,-0.6797,0.9157,0.0366,-0.4,0.0117,"Bicleta","Med",100.7013,-0.9882,104.9515,111.2063,-380.2582,45.369,3.2034,5.9685
0.9225,-0.1416,0.744,0.1905,-0.1414,0.0785,-0.4869,1.5753,0.7416,2.3333,0.001,-3.0662,0.6888,0.0513,-0.7231,0.0753,-0.9972,0.001,-0.721,-0.0551,-0.6907,0.9188,0.0344,-0.393,0.0153,"Bicleta","Med",100.7013,-0.9882,104.9515,111.2063,-380.2582,45.1465,2.6073,7.1102
0.9144,-0.1419,0.7193,0.21,-0.1334,0.0322,-0.3873,1.7196,0.7223,2.3499,0.0092,-3.0685,0.7012,0.0448,-0.7115,0.073,-0.9973,0.0092,-0.7092,-0.0584,-0.7026,0.9221,0.0319,-0.3852,0.0183,"Bicleta","Med",100.7013,-0.9882,104.9515,111.2063,-380.2582,45.1465,2.6073,7.1102
0.8951,-0.1294,0.7024,0.2112,-0.1228,-0.0014,-0.2934,1.8741,0.6816,2.3679,0.0164,-3.071,0.7143,0.039,-0.6987,0.0705,-0.9974,0.0164,-0.6962,-0.061,-0.7152,0.9256,0.0296,-0.3768,0.0209,"Bicleta","Med",100.7013,-0.9882,104.7653,109.9326,-377.6349,44.9534,1.8341,8.4452
0.8634,-0.1214,0.6929,0.2021,-0.1032,-0.0296,-0.237,1.9878,0.6452,2.3874,0.0228,-3.0743,0.7282,0.0335,-0.6845,0.0673,-0.9975,0.0228,-0.682,-0.0626,-0.7286,0.9293,0.0271,-0.3676,0.023,"Bicleta","Med",100.7013,-0.9882,104.7653,109.9326,-377.6349,44.9534,1.8341,8.4452
0.8283,-0.1175,0.6898,0.1837,-0.0912,-0.0523,-0.1731,2.0979,0.6373,2.4079,0.0285,-3.0774,0.7424,0.0286,-0.6693,0.0641,-0.9975,0.0285,-0.6669,-0.0641,-0.7424,0.9331,0.0249,-0.358,0.0248,"Bicleta","Med",100.7013,-0.9882,104.7653,109.9326,-377.6349,44.5075,1.3624,9.8707
0.7865,-0.1213,0.7201,0.1632,-0.0856,-0.0603,-0.0899,2.2354,0.6535,2.4298,0.0336,-3.0817,0.7572,0.0235,-0.6528,0.0599,-0.9976,0.0336,-0.6505,-0.0645,-0.7568,0.937,0.0222,-0.3477,0.0262,"Bicleta","Med",100.7013,-0.9882,104.7653,109.9326,-377.6349,44.5075,1.3624,9.8707
0.7557,-0.0974,0.7139,0.1409,-0.0782,-0.0476,-0.0359,2.2995,0.6561,2.4528,0.0381,-3.0862,0.7722,0.0185,-0.6351,0.0553,-0.9977,0.0381,-0.633,-0.0645,-0.7715,0.9409,0.0196,-0.3369,0.0273,"Bicleta","Med",100.7013,-0.9882,104.0475,108.5853,-374.5074,44.0424,0.6544,11.4596
0.7267,-0.0896,0.7193,0.1304,-0.0496,-0.0756,0.0278,2.3774,0.644,2.4765,0.042,-3.0916,0.7872,0.0134,-0.6166,0.05,-0.9979,0.042,-0.6147,-0.0639,-0.7861,0.9449,0.0168,-0.3258,0.028,"Bicleta","Med",100.7013,-0.9882,104.0475,108.5853,-374.5074,44.0424,0.6544,11.4596
0.6934,-0.0871,0.7225,0.1203,-0.0449,-0.0739,0.0521,2.3241,0.6409,2.5005,0.0454,-3.0968,0.8018,0.0088,-0.5975,0.0447,-0.998,0.0454,-0.5959,-0.0632,-0.8006,0.9487,0.0141,-0.3145,0.0286,"Bicleta","Med",100.7013,-0.9882,104.0475,108.5853,-374.5074,43.6906,0.1608,13.228
0.6541,-0.0758,0.6608,0.1025,-0.0354,-0.1066,9e-04,2.1562,0.6111,2.5232,0.0487,-3.1023,0.8153,0.0038,-0.579,0.0392,-0.998,0.0486,-0.5777,-0.0624,-0.8139,0.9523,0.0113,-0.3037,0.0291,"Bicleta","Med",100.7013,-0.9882,104.0475,108.5853,-374.5074,43.6906,0.1608,13.228
0.6085,-0.0683,0.6117,0.0799,-0.0203,-0.1835,-0.0939,1.9961,0.5738,2.5442,0.0522,-3.1068,0.8273,-6e-04,-0.5617,0.0347,-0.998,0.0522,-0.5606,-0.0627,-0.8257,0.9554,0.0089,-0.2937,0.0301,"Bicleta","Med",100.7013,-0.9882,102.7053,107.8036,-371.2515,42.7489,-0.3707,14.8374
0.565,-0.0646,0.6231,0.0494,-0.0109,-0.2281,-0.1535,1.9038,0.5115,2.564,0.0561,-3.1106,0.8383,-0.0047,-0.5452,0.0309,-0.9979,0.0561,-0.5443,-0.0639,-0.8365,0.9582,0.0069,-0.2842,0.0313,"Bicleta","Med",100.7013,-0.9882,102.7053,107.8036,-371.2515,42.1162,-0.8258,16.2529
0.3931,-0.1958,0.8512,-0.0072,-0.0696,-0.0846,-0.1149,1.2872,0.643,2.7482,0.0993,3.124,0.9228,-0.0542,-0.3814,-0.0175,-0.9949,0.0991,-0.3849,-0.0848,-0.9191,0.9794,-0.0183,-0.1956,0.0469,"Bicleta","Med",100.7013,-0.9882,102.7053,107.8036,-371.2515,38.152,-3.5751,22.5709
0.3931,-0.1958,0.8512,0.029,-0.107,-0.0617,-0.1149,1.2872,0.643,2.7549,0.101,3.1212,0.9252,-0.0569,-0.3752,-0.0203,-0.9947,0.1008,-0.379,-0.0856,-0.9214,0.98,-0.0197,-0.1924,0.0476,"Bicleta","Med",100.7013,-0.9882,98.7501,104.9894,-364.0947,38.152,-3.5751,22.5709
0.4322,-0.2311,0.8879,0.0351,-0.1052,-0.064,-0.1424,1.2438,0.6509,2.7615,0.1027,3.1183,0.9275,-0.0597,-0.3691,-0.0232,-0.9945,0.1025,-0.3732,-0.0865,-0.9237,0.9805,-0.0211,-0.1892,0.0482,"Bicleta","Med",100.7013,-0.9882,98.7501,104.9894,-364.0947,38.152,-3.5751,22.5709
0.4322,-0.2311,0.8879,0.0796,-0.1348,-0.022,-0.1424,1.2438,0.6509,2.768,0.1045,3.1157,0.9297,-0.0622,-0.363,-0.0258,-0.9942,0.1043,-0.3674,-0.0876,-0.9259,0.9811,-0.0224,-0.1861,0.0489,"Bicleta","Med",100.7013,-0.9882,98.7501,104.9894,-364.0947,37.6047,-4.1441,23.2211
0.4642,-0.2492,0.9348,0.0857,-0.1331,-0.0242,-0.1595,1.229,0.6355,2.7745,0.1062,3.1128,0.9319,-0.0649,-0.3569,-0.0286,-0.994,0.106,-0.3616,-0.0886,-0.9281,0.9816,-0.0238,-0.183,0.0496,"Bicleta","Med",100.7013,-0.9882,98.7501,104.9894,-364.0947,37.6047,-4.1441,23.2211
0.4642,-0.2492,0.9348,0.1212,-0.141,0.0086,-0.1595,1.229,0.6355,2.7808,0.108,3.1101,0.934,-0.0675,-0.3509,-0.0313,-0.9937,0.1078,-0.356,-0.0897,-0.9302,0.9821,-0.0252,-0.1799,0.0503,"Bicleta","Med",100.7013,-0.9882,97.4879,104.1661,-362.5702,37.6047,-4.1441,23.2211
0.4769,-0.2352,0.9178,0.1269,-0.1393,0.0066,-0.16,1.1228,0.6001,2.787,0.1097,3.1074,0.9359,-0.0701,-0.3451,-0.034,-0.9934,0.1095,-0.3505,-0.0907,-0.9321,0.9825,-0.0265,-0.177,0.0509,"Bicleta","Med",100.7013,-0.9882,97.4879,104.1661,-362.5702,37.6047,-4.1441,23.2211
0.4769,-0.2352,0.9178,0.1276,-0.1145,-0.0369,-0.16,1.1228,0.6001,2.7926,0.1113,3.105,0.9377,-0.0724,-0.3398,-0.0364,-0.9931,0.1111,-0.3455,-0.0918,-0.9339,0.9829,-0.0277,-0.1743,0.0516,"Bicleta","Med",100.7013,-0.9882,97.4879,104.1661,-362.5702,36.8884,-4.6438,23.9601
0.4125,-0.2047,0.8369,0.1324,-0.113,-0.0384,-0.1409,0.9061,0.5658,2.7977,0.1129,3.1024,0.9392,-0.0749,-0.335,-0.039,-0.9929,0.1126,-0.341,-0.0928,-0.9355,0.9833,-0.0289,-0.1719,0.0522,"Bicleta","Med",100.7013,-0.9882,97.4879,104.1661,-362.5702,36.8884,-4.6438,23.9601
0.4125,-0.2047,0.8369,0.0471,-0.0818,-0.1252,-0.1409,0.9061,0.5658,2.8023,0.1143,3.0999,0.9406,-0.0773,-0.3306,-0.0414,-0.9926,0.1141,-0.337,-0.0936,-0.9368,0.9836,-0.0302,-0.1697,0.0528,"Bicleta","Med",100.7013,-0.9882,97.4879,104.1661,-362.5702,36.8884,-4.6438,23.9601
0.4125,-0.2047,0.8369,0.0471,-0.0818,-0.1252,-0.1409,0.9061,0.5658,2.8023,0.1143,3.0999,0.9406,-0.0773,-0.3306,-0.0414,-0.9926,0.1141,-0.337,-0.0936,-0.9368,0.9836,-0.0302,-0.1697,0.0528,"Bicleta","Med",100.7013,-0.9882,97.4879,104.1661,-362.5702,36.8884,-4.6438,23.9601
0.2869,-0.1741,0.7576,-0.0755,-0.0491,-0.2032,-0.0663,0.7402,0.5336,2.8103,0.1164,3.095,0.9428,-0.0817,-0.3231,-0.0462,-0.9922,0.1162,-0.33,-0.0946,-0.9392,0.9842,-0.0325,-0.1659,0.0535,"Bicleta","Med",100.7013,-0.9882,97.4879,104.1661,-362.5702,36.1786,-5.053,24.456
0.1583,-0.1487,0.6942,-0.0721,-0.0484,-0.2043,0.0413,0.6297,0.5163,2.8139,0.1171,3.0925,0.9438,-0.084,-0.3197,-0.0488,-0.992,0.1168,-0.3269,-0.0946,-0.9403,0.9844,-0.0337,-0.1642,0.0537,"Bicleta","Med",100.7013,-0.9882,97.4879,104.1661,-362.5702,36.1786,-5.053,24.456
0.1583,-0.1487,0.6942,-0.1946,-0.0293,-0.2565,0.0413,0.6297,0.5163,2.8171,0.1175,3.0898,0.9446,-0.0864,-0.3166,-0.0514,-0.9918,0.1173,-0.3241,-0.0945,-0.9413,0.9846,-0.035,-0.1627,0.0538,"Bicleta","Med",100.7013,-0.9882,95.9858,103.1267,-361.3359,36.1786,-5.053,24.456
0.055,-0.1489,0.6849,-0.1917,-0.0289,-0.2574,0.0739,0.5058,0.5559,2.8201,0.1179,3.087,0.9453,-0.0889,-0.3138,-0.0542,-0.9916,0.1176,-0.3216,-0.0942,-0.9422,0.9848,-0.0363,-0.1613,0.0538,"Bicleta","Med",100.7013,-0.9882,95.9858,103.1267,-361.3359,36.1786,-5.053,24.456
0.055,-0.1489,0.6849,-0.2722,-0.029,-0.2477,0.0739,0.5058,0.5559,2.823,0.1184,3.0842,0.946,-0.0914,-0.311,-0.057,-0.9914,0.1181,-0.3192,-0.094,-0.943,0.9849,-0.0377,-0.16,0.0538,"Bicleta","Med",100.7013,-0.9882,95.9858,103.1267,-361.3359,35.7205,-5.3529,24.8259
0.055,-0.1489,0.6849,-0.2722,-0.029,-0.2477,0.0739,0.5058,0.5559,2.823,0.1184,3.0842,0.946,-0.0914,-0.311,-0.057,-0.9914,0.1181,-0.3192,-0.094,-0.943,0.9849,-0.0377,-0.16,0.0538,"Bicleta","Med",100.7013,-0.9882,95.9858,103.1267,-361.3359,35.7205,-5.3529,24.8259
0.047,-0.1379,0.7486,-0.2696,-0.0286,-0.2485,0.0839,0.4654,0.6422,2.8258,0.1188,3.081,0.9466,-0.0943,-0.3084,-0.0601,-0.9911,0.1185,-0.3168,-0.0936,-0.9438,0.9851,-0.0392,-0.1587,0.0538,"Bicleta","Med",100.7013,-0.9882,95.9858,103.1267,-361.3359,35.7205,-5.3529,24.8259
0.047,-0.1379,0.7486,-0.2347,-0.0155,-0.1699,0.0839,0.4654,0.6422,2.8283,0.1194,3.0776,0.947,-0.0975,-0.306,-0.0635,-0.9908,0.1191,-0.3148,-0.0934,-0.9446,0.9852,-0.0408,-0.1575,0.0539,"Bicleta","Med",100.7013,-0.9882,95.9858,103.1267,-361.3359,35.7205,-5.3529,24.8259
0.1546,-0.1345,0.8162,-0.2325,-0.0149,-0.1705,0.0627,0.3617,0.7357,2.8307,0.12,3.074,0.9474,-0.1009,-0.3037,-0.0671,-0.9905,0.1197,-0.3129,-0.0931,-0.9452,0.9853,-0.0426,-0.1565,0.054,"Bicleta","Med",100.7013,-0.9882,95.9858,103.1267,-361.3359,35.7205,-5.3529,24.8259
0.2883,-0.1536,0.8262,-0.1048,-0.0175,-0.1212,0.0627,0.3617,0.7357,2.8344,0.1217,3.0666,0.9478,-0.1081,-0.3001,-0.0744,-0.9898,0.1214,-0.3102,-0.0927,-0.9461,0.9854,-0.0463,-0.1548,0.0543,"Bicleta","Med",100.7013,-0.9882,95.9858,103.1267,-361.3359,35.5095,-5.6274,25.0812
0.2883,-0.1536,0.8262,0.0224,-0.0364,-0.1254,0.0537,0.1915,0.7939,2.8356,0.1226,3.0625,0.9477,-0.112,-0.299,-0.0784,-0.9894,0.1223,-0.3095,-0.0925,-0.9464,0.9853,-0.0483,-0.1544,0.0545,"Bicleta","Med",100.7013,-0.9882,95.2095,102.5305,-360.8167,35.5095,-5.6274,25.0812
0.3615,-0.1623,0.8128,0.023,-0.0358,-0.1255,0.1072,-0.019,0.7639,2.8362,0.1232,3.0589,0.9474,-0.1156,-0.2984,-0.082,-0.989,0.1229,-0.3093,-0.092,-0.9465,0.9853,-0.0502,-0.1542,0.0545,"Bicleta","Med",100.7013,-0.9882,95.2095,102.5305,-360.8167,35.4045,-6.1701,25.1735
0.3198,-0.1572,0.8363,0.0604,-0.0374,-0.1302,0.2322,-0.1262,0.6889,2.8364,0.1235,3.0511,0.9465,-0.123,-0.2982,-0.0896,-0.9883,0.1232,-0.3099,-0.0899,-0.9465,0.9851,-0.054,-0.1543,0.0541,"Bicleta","Med",100.7013,-0.9882,95.2095,102.5305,-360.8167,35.4045,-6.1701,25.1735
0.2528,-0.1367,0.8457,-0.0606,-0.0045,-0.1002,0.2577,-0.1436,0.6431,2.8355,0.1226,3.0406,0.9449,-0.1328,-0.2991,-0.1001,-0.9874,0.1223,-0.3115,-0.0856,-0.9464,0.9847,-0.0591,-0.155,0.0528,"Bicleta","Med",100.7013,-0.9882,95.1053,101.7219,-360.6078,35.4172,-6.3538,25.079
0.2155,-0.1132,0.8459,-0.0611,-0.0049,-0.1001,0.2519,-0.2075,0.6289,2.835,0.1222,3.0371,0.9443,-0.136,-0.2996,-0.1035,-0.9871,0.1219,-0.3123,-0.0841,-0.9463,0.9846,-0.0608,-0.1554,0.0523,"Bicleta","Med",100.7013,-0.9882,95.1053,101.7219,-360.6078,35.4172,-6.3538,25.079
0.197,-0.1355,0.8405,-0.1066,-0.0251,-0.1078,0.259,-0.3351,0.6321,2.8316,0.121,3.0268,0.9419,-0.1456,-0.3028,-0.1137,-0.9862,0.1207,-0.3162,-0.0793,-0.9454,0.984,-0.0659,-0.1573,0.0508,"Bicleta","Med",100.7013,-0.9882,95.1053,101.7219,-360.6078,35.4412,-6.8146,25.0894
0.2083,-0.1625,0.8237,-0.1083,-0.0256,-0.1073,0.2901,-0.4798,0.641,2.8298,0.1205,3.0233,0.9408,-0.149,-0.3046,-0.1172,-0.9858,0.1202,-0.3181,-0.0774,-0.9449,0.9838,-0.0676,-0.1582,0.0502,"Bicleta","Med",100.7013,-0.9882,95.1053,101.7219,-360.6078,35.4412,-6.8146,25.0894
0.2404,-0.182,0.7933,-0.0907,-0.0489,-0.129,0.3097,-0.6057,0.6424,2.8252,0.1194,3.0162,0.9383,-0.1556,-0.3089,-0.1241,-0.9851,0.1191,-0.3229,-0.0734,-0.9436,0.9832,-0.0711,-0.1606,0.0489,"Bicleta","Med",100.7013,-0.9882,95.0754,101.0054,-360.8778,35.2828,-7.0379,24.6144
0.2513,-0.1956,0.7789,-0.068,-0.0695,-0.1558,0.3489,-0.7206,0.6276,2.8193,0.118,3.0089,0.9353,-0.1624,-0.3145,-0.1313,-0.9843,0.1177,-0.3287,-0.0688,-0.9419,0.9825,-0.0747,-0.1637,0.0475,"Bicleta","Med",100.7013,-0.9882,95.0754,101.0054,-360.8778,35.2828,-7.0379,24.6144
0.244,-0.2023,0.7854,-0.0705,-0.0832,-0.1592,0.3839,-0.8514,0.5848,2.8122,0.1162,3.0021,0.9318,-0.1687,-0.3213,-0.1381,-0.9836,0.116,-0.3356,-0.0637,-0.9398,0.9817,-0.0781,-0.1673,0.0458,"Bicleta","Med",100.7013,-0.9882,95.0754,101.0054,-360.8778,35.9266,-7.2468,24.3003
0.2307,-0.1982,0.7908,-0.0899,-0.0875,-0.1499,0.4242,-0.9295,0.5368,2.8039,0.114,2.9953,0.928,-0.1748,-0.3291,-0.1448,-0.9829,0.1138,-0.3434,-0.0579,-0.9374,0.9808,-0.0815,-0.1714,0.0438,"Bicleta","Med",100.7013,-0.9882,95.0754,101.0054,-360.8778,35.9266,-7.2468,24.3003
0.23,-0.2026,0.7811,-0.1082,-0.0871,-0.1444,0.4696,-1.0214,0.4859,2.7949,0.1112,2.9891,0.9238,-0.1802,-0.3377,-0.151,-0.9823,0.111,-0.3517,-0.0516,-0.9347,0.9799,-0.0845,-0.1759,0.0415,"Bicleta","Med",100.7013,-0.9882,95.9814,100.8671,-361.7941,36.1647,-7.5405,23.7492
0.2205,-0.2047,0.7587,-0.1181,-0.0971,-0.1578,0.5149,-1.174,0.4149,2.7845,0.1079,2.9829,0.9192,-0.1852,-0.3475,-0.1571,-0.9817,0.1077,-0.3611,-0.0444,-0.9315,0.9788,-0.0874,-0.181,0.0388,"Bicleta","Med",100.7013,-0.9882,95.9814,100.8671,-361.7941,36.1647,-7.5405,23.7492
0.1981,-0.1964,0.7643,-0.1451,-0.0985,-0.1712,0.5149,-1.174,0.4149,2.7728,0.1039,2.9776,0.9141,-0.1892,-0.3585,-0.1624,-0.9813,0.1037,-0.3714,-0.0366,-0.9277,0.9776,-0.0899,-0.1867,0.0359,"Bicleta","Med",100.7013,-0.9882,95.9814,100.8671,-361.7941,36.6001,-7.5432,23.0962
0.1997,-0.1917,0.7814,-0.1746,-0.0949,-0.1535,0.5752,-1.2787,0.2635,2.7605,0.0994,2.9725,0.9088,-0.1926,-0.3701,-0.1674,-0.9809,0.0993,-0.3822,-0.0283,-0.9237,0.9764,-0.0922,-0.1926,0.0327,"Bicleta","Med",100.7013,-0.9882,95.9814,100.8671,-361.7941,36.6001,-7.5432,23.0962
0.2247,-0.1915,0.7769,-0.1765,-0.0973,-0.1355,0.566,-1.3847,0.1958,2.7476,0.0947,2.9685,0.9033,-0.1948,-0.3822,-0.1715,-0.9806,0.0946,-0.3932,-0.0199,-0.9192,0.9751,-0.0939,-0.1988,0.0294,"Bicleta","Med",100.7013,-0.9882,96.9468,100.6483,-363.1282,37.3685,-7.3281,22.456
0.2586,-0.1815,0.7543,-0.1613,-0.1002,-0.1443,0.553,-1.5661,0.106,2.733,0.0899,2.9647,0.8971,-0.1966,-0.3957,-0.1753,-0.9804,0.0898,-0.4056,-0.0112,-0.914,0.9736,-0.0955,-0.2058,0.0259,"Bicleta","Med",100.7013,-0.9882,96.9468,100.6483,-363.1282,37.3685,-7.3281,22.456
0.2893,-0.1704,0.7567,-0.1418,-0.0923,-0.1558,0.5547,-1.7169,0.0287,2.7167,0.0849,2.962,0.8902,-0.1971,-0.4107,-0.178,-0.9804,0.0848,-0.4194,-0.0024,-0.9078,0.9719,-0.0965,-0.2135,0.0224,"Bicleta","Med",100.7013,-0.9882,96.9468,100.6483,-363.1282,37.8983,-7.3418,21.5798
0.3233,-0.1636,0.7589,-0.1288,-0.0892,-0.141,0.5474,-1.8615,-0.0395,2.699,0.0796,2.9595,0.8825,-0.1971,-0.427,-0.1805,-0.9804,0.0795,-0.4342,0.0069,-0.9008,0.97,-0.0973,-0.222,0.0187,"Bicleta","Med",100.7013,-0.9882,96.9468,100.6483,-363.1282,37.8983,-7.3418,21.5798
0.3625,-0.1389,0.7428,-0.1091,-0.0848,-0.1386,0.5405,-1.9654,-0.1403,2.6797,0.074,2.958,0.8742,-0.1959,-0.4444,-0.1821,-0.9805,0.074,-0.4502,0.0163,-0.8928,0.9679,-0.0976,-0.2311,0.0149,"Bicleta","Med",100.7013,-0.9882,98.3987,100.7052,-364.8968,38.7902,-7.3687,20.5117
0.3982,-0.1067,0.739,-0.0886,-0.0606,-0.1433,0.4951,-2.0466,-0.2421,2.6596,0.0682,2.9571,0.8652,-0.1936,-0.4625,-0.183,-0.9807,0.0682,-0.4668,0.0256,-0.884,0.9657,-0.0975,-0.2406,0.011,"Bicleta","Med",100.7013,-0.9882,98.3987,100.7052,-364.8968,38.7902,-7.3687,20.5117
0.4216,-0.0901,0.7492,-0.0743,-0.037,-0.1344,0.4481,-2.0867,-0.3037,2.6388,0.0625,2.9574,0.8559,-0.1901,-0.481,-0.1828,-0.9812,0.0625,-0.4838,0.0345,-0.8745,0.9633,-0.0968,-0.2504,0.0073,"Bicleta","Med",100.7013,-0.9882,98.3987,100.7052,-364.8968,39.816,-6.8316,19.2687
0.4477,-0.0803,0.7564,-0.0716,-0.0309,-0.1117,0.4192,-2.1241,-0.3454,2.6175,0.0569,2.9583,0.8461,-0.1858,-0.4996,-0.182,-0.9817,0.0569,-0.501,0.0428,-0.8644,0.9608,-0.0957,-0.2604,0.0037,"Bicleta","Med",100.7031,-1.1362,100.1448,101.5552,-367.2986,40.6302,-6.3519,17.7572
0.4829,-0.0668,0.7626,-0.0606,-0.0254,-0.0956,0.4258,-2.1295,-0.3772,2.5961,0.0512,2.9591,0.8358,-0.1813,-0.5182,-0.1813,-0.9821,0.0512,-0.5182,0.0512,-0.8537,0.9581,-0.0946,-0.2704,0,"Bicleta","Med",100.7031,-1.1362,100.1448,101.5552,-367.2986,40.6302,-6.3519,17.7572
0.5174,-0.0512,0.7592,-0.0424,-0.0168,-0.0791,0.4366,-2.1466,-0.419,2.5745,0.0452,2.9602,0.8253,-0.176,-0.5366,-0.1802,-0.9826,0.0451,-0.5352,0.0594,-0.8426,0.9553,-0.0932,-0.2805,-0.0037,"Bicleta","Med",100.7031,-1.1362,100.1448,101.5552,-367.2986,41.6315,-6.0324,16.3673
0.5405,-0.0334,0.7437,-0.0295,-0.0075,-0.0767,0.4569,-2.1616,-0.4948,2.5528,0.0387,2.9614,0.8143,-0.1702,-0.555,-0.1791,-0.9831,0.0387,-0.5522,0.0679,-0.831,0.9524,-0.0917,-0.2906,-0.0077,"Bicleta","Med",100.7031,-1.1362,100.1448,101.5552,-367.2986,41.6315,-6.0324,16.3673
0.5564,-0.0192,0.758,-0.0276,0.0029,-0.0745,0.4736,-2.1303,-0.5771,2.5311,0.0316,2.9633,0.8032,-0.1631,-0.573,-0.1772,-0.9837,0.0316,-0.5688,0.0762,-0.8189,0.9494,-0.0896,-0.3007,-0.0118,"Bicleta","Med",100.7031,-1.1362,101.8436,102.4547,-370.5206,42.3013,-5.3545,14.9469
0.5731,-0.014,0.7778,-0.0289,0.0076,-0.0413,0.4568,-2.1015,-0.6486,2.5098,0.024,2.9654,0.792,-0.1554,-0.5905,-0.1753,-0.9842,0.024,-0.5849,0.0845,-0.8067,0.9464,-0.0873,-0.3105,-0.016,"Bicleta","Med",100.7031,-1.1362,101.8436,102.4547,-370.5206,42.3013,-5.3545,14.9469
0.5918,-0.0155,0.7614,-0.0294,0.0018,-0.0156,0.4185,-2.1396,-0.7065,2.4884,0.0162,2.9683,0.7806,-0.1466,-0.6076,-0.1724,-0.9849,0.0162,-0.6008,0.0921,-0.7941,0.9433,-0.0845,-0.3203,-0.0201,"Bicleta","Med",100.7031,-1.1362,101.8436,102.4547,-370.5206,43.0103,-4.6365,13.3759
0.602,-0.0216,0.7295,-0.0282,-0.008,-0.0323,0.3955,-2.1221,-0.7295,2.4668,0.0083,2.9713,0.7687,-0.1374,-0.6247,-0.1695,-0.9855,0.0083,-0.6168,0.0995,-0.7808,0.9401,-0.0816,-0.3302,-0.0243,"Bicleta","Med",100.7031,-1.1362,101.8436,102.4547,-370.5206,43.0103,-4.6365,13.3759
0.6169,-0.0221,0.7586,-0.0371,-0.0237,-0.0348,0.3936,-1.9804,-0.7416,2.4461,4e-04,2.9746,0.757,-0.1279,-0.6408,-0.1663,-0.9861,4e-04,-0.6319,0.1063,-0.7677,0.9369,-0.0785,-0.3396,-0.0283,"Bicleta","Med",100.7031,-1.1362,103.3479,103.7976,-373.3091,43.8157,-4.116,11.778
0.6495,-0.0065,0.7662,-0.0288,-0.0262,0.012,0.4295,-1.8768,-0.7597,2.4267,-0.0079,2.9774,0.7459,-0.1184,-0.6555,-0.1635,-0.9865,-0.0079,-0.6457,0.113,-0.7551,0.9337,-0.0755,-0.3484,-0.0324,"Bicleta","Med",100.7031,-1.1362,103.3479,103.7976,-373.3091,43.8157,-4.116,11.778
0.6717,0.0108,0.7546,-0.0123,-0.0175,0.0177,0.4794,-1.8295,-0.7863,2.4081,-0.0166,2.9801,0.735,-0.1085,-0.6694,-0.1608,-0.9868,-0.0166,-0.6587,0.1199,-0.7428,0.9307,-0.0723,-0.3568,-0.0367,"Bicleta","Med",100.7031,-1.1362,103.3479,103.7976,-373.3091,44.3404,-3.4086,10.4641
0.6935,0.0183,0.7766,-0.0047,-0.0118,0.0279,0.5225,-1.7737,-0.8112,2.39,-0.0259,2.9823,0.7242,-0.0984,-0.6826,-0.1586,-0.987,-0.0259,-0.6711,0.127,-0.7304,0.9276,-0.0693,-0.3649,-0.0412,"Bicleta","Med",100.7031,-1.1362,103.3479,103.7976,-373.3091,44.3404,-3.4086,10.4641
0.718,0.0255,0.7969,0.006,-0.0162,0.0666,0.5613,-1.6416,-0.8307,2.3728,-0.0358,2.9845,0.7138,-0.0879,-0.6948,-0.1564,-0.9871,-0.0358,-0.6827,0.1342,-0.7183,0.9245,-0.0661,-0.3725,-0.046,"Bicleta","Med",100.7031,-1.1362,104.3639,105.0337,-376.1925,44.874,-2.8098,9.1479
0.7365,0.0362,0.7828,0.0185,-0.017,0.0891,0.604,-1.5168,-0.8546,2.357,-0.046,2.9862,0.7042,-0.0774,-0.7058,-0.1546,-0.9869,-0.046,-0.693,0.1415,-0.7069,0.9217,-0.0629,-0.3794,-0.0509,"Bicleta","Med",100.7031,-1.1362,104.3639,105.0337,-376.1925,44.874,-2.8098,9.1479
0.7493,0.0398,0.7731,0.0251,-0.0186,0.0807,0.6431,-1.3976,-0.8692,2.3424,-0.0568,2.9878,0.6953,-0.0667,-0.7156,-0.153,-0.9866,-0.0567,-0.7023,0.1489,-0.6962,0.919,-0.0598,-0.3857,-0.0559,"Bicleta","Med",100.7031,-1.1362,104.3639,105.0337,-376.1925,45.2168,-1.8558,7.7514
0.7579,0.0339,0.7807,0.0273,-0.0285,0.0889,0.668,-1.2812,-0.8596,2.329,-0.0678,2.9887,0.6871,-0.0561,-0.7244,-0.1519,-0.9861,-0.0678,-0.7105,0.1566,-0.686,0.9164,-0.0567,-0.3915,-0.0612,"Bicleta","Med",100.7031,-1.1362,104.3639,105.0337,-376.1925,45.2168,-1.8558,7.7514
0.773,0.0208,0.7601,0.0295,-0.0487,0.1044,0.6473,-1.2234,-0.8368,2.3165,-0.0787,2.9897,0.6794,-0.0456,-0.7324,-0.1508,-0.9854,-0.0786,-0.7181,0.1639,-0.6764,0.9139,-0.0537,-0.3968,-0.0663,"Bicleta","Med",100.7031,-1.1362,105.1675,106.9843,-378.5736,45.477,-0.9732,6.9302
0.7924,0.0177,0.6937,0.0384,-0.0714,0.075,0.6473,-1.2234,-0.8368,2.3042,-0.0894,2.9903,0.6718,-0.0353,-0.7399,-0.1502,-0.9846,-0.0893,-0.7254,0.1711,-0.6668,0.9115,-0.0509,-0.4019,-0.0714,"Bicleta","Med",100.7031,-1.1362,105.1675,106.9843,-378.5736,45.477,-0.9732,6.9302
0.8201,0.0535,0.6557,0.0527,-0.0766,0.02,0.6559,-1.221,-0.922,2.2921,-0.1005,2.991,0.6642,-0.0246,-0.7471,-0.1493,-0.9837,-0.1003,-0.7325,0.1781,-0.657,0.909,-0.0478,-0.407,-0.0766,"Bicleta","Med",100.7031,-1.1362,105.1675,106.9843,-378.5736,45.7437,-0.4385,5.9565
0.8494,0.1113,0.6579,0.0752,-0.0422,0.0067,0.7179,-1.2425,-1.0659,2.2798,-0.1126,2.9921,0.6565,-0.0126,-0.7542,-0.148,-0.9826,-0.1124,-0.7397,0.1854,-0.6469,0.9064,-0.0443,-0.412,-0.0821,"Bicleta","Med",100.7031,-1.1362,105.1675,106.9843,-378.5736,45.7437,-0.4385,5.9565
0.855,0.1614,0.6676,0.0936,0.0019,0.0247,0.7691,-1.1586,-1.1955,2.2678,-0.1264,2.9935,0.6492,8e-04,-0.7606,-0.1464,-0.9812,-0.126,-0.7464,0.1931,-0.6368,0.9038,-0.0403,-0.4169,-0.0883,"Bicleta","Med",100.7031,-1.1362,105.5269,108.4913,-380.5663,45.772,0.6672,4.9153
0.8566,0.1967,0.6497,0.088,0.0328,0.039,0.7598,-1.1517,-1.2865,2.2565,-0.141,2.9953,0.6423,0.0153,-0.7663,-0.1444,-0.9795,-0.1405,-0.7527,0.2009,-0.6269,0.9012,-0.0358,-0.4214,-0.0947,"Bicleta","Med",100.7031,-1.1362,105.5269,108.4913,-380.5663,45.772,0.6672,4.9153
0.8718,0.2309,0.6124,0.0882,0.0498,0.022,0.751,-1.1784,-1.3653,2.2451,-0.1563,2.9975,0.6353,0.0307,-0.7716,-0.1418,-0.9776,-0.1557,-0.7591,0.2083,-0.6167,0.8986,-0.0309,-0.4259,-0.1013,"Bicleta","Med",100.7031,-1.1362,105.5269,108.4913,-380.5663,45.9525,1.8944,4.1804
0.9005,0.2873,0.5722,0.1023,0.0743,-0.0041,0.7206,-1.2612,-1.4514,2.2332,-0.1721,3.0005,0.6279,0.0473,-0.7768,-0.1385,-0.9754,-0.1713,-0.7659,0.2152,-0.6059,0.8957,-0.0255,-0.4306,-0.1079,"Bicleta","Med",100.7031,-1.1362,105.5984,111.0341,-382.1416,45.7926,3.2566,3.1357
0.9163,0.3434,0.5316,0.1261,0.1186,-0.0361,0.6135,-1.3706,-1.4568,2.2206,-0.188,3.0039,0.6197,0.0644,-0.7822,-0.1348,-0.9731,-0.1869,-0.7732,0.2213,-0.5944,0.8926,-0.0197,-0.4356,-0.1143,"Bicleta","Med",100.7031,-1.1362,105.5984,111.0341,-382.1416,45.7926,3.2566,3.1357
0.9117,0.3781,0.5126,0.1275,0.1542,-0.0573,0.5225,-1.4865,-1.3731,2.2069,-0.203,3.0079,0.6104,0.0815,-0.7879,-0.1306,-0.9707,-0.2016,-0.7813,0.2259,-0.5819,0.8892,-0.0138,-0.4412,-0.1202,"Bicleta","Med",100.7031,-1.1362,105.5984,111.0341,-382.1416,45.9146,4.6158,1.9136
0.9301,0.4212,0.4848,0.1194,0.1738,-0.0625,0.431,-1.6017,-1.2998,2.1921,-0.2167,3.0117,0.5999,0.098,-0.7941,-0.1265,-0.9684,-0.215,-0.79,0.2295,-0.5685,0.8855,-0.0081,-0.4472,-0.1255,"Bicleta","Med",100.7031,-1.1362,105.5984,111.0341,-382.1416,45.9146,4.6158,1.9136
0.957,0.4482,0.4748,0.1397,0.2075,-0.0778,0.431,-1.6017,-1.2998,2.1767,-0.2294,3.0156,0.5885,0.1139,-0.8004,-0.1223,-0.9661,-0.2274,-0.7992,0.2317,-0.5546,0.8816,-0.0024,-0.4536,-0.1302,"Bicleta","Med",100.7031,-1.1362,105.8489,113.0743,-384.3896,45.9631,5.4358,0.7307
0.9661,0.4252,0.5012,0.154,0.2069,-0.0603,0.197,-1.5795,-1.0902,2.1616,-0.2405,3.0199,0.5769,0.1287,-0.8066,-0.1179,-0.964,-0.2382,-0.8082,0.2325,-0.541,0.8778,0.0031,-0.4599,-0.1341,"Bicleta","Med",100.7031,-1.1362,105.8489,113.0743,-384.3896,45.9631,5.4358,0.7307
0.9724,0.3851,0.5304,0.1556,0.1661,-0.0175,0.1415,-1.5366,-0.9762,2.147,-0.2501,3.0239,0.5654,0.1422,-0.8125,-0.1138,-0.9622,-0.2475,-0.8169,0.2324,-0.5279,0.874,0.0081,-0.4661,-0.1373,"Bicleta","Med",100.7031,-1.1362,105.8489,113.0743,-384.3896,45.6376,6.4961,-0.6288
0.9724,0.3622,0.5493,0.1554,0.1186,0.0227,0.1707,-1.4987,-0.9066,2.1326,-0.259,3.0275,0.5539,0.1547,-0.8181,-0.11,-0.9604,-0.2561,-0.8253,0.2319,-0.5149,0.8702,0.0128,-0.4721,-0.1402,"Bicleta","Med",100.7031,-1.1362,105.8489,113.0743,-384.3896,45.6376,6.4961,-0.6288
0.9559,0.354,0.5605,0.1463,0.0959,0.0499,0.2471,-1.3247,-0.8326,2.1189,-0.2677,3.0299,0.543,0.1663,-0.8231,-0.1074,-0.9584,-0.2645,-0.8328,0.2321,-0.5025,0.8666,0.017,-0.4777,-0.1432,"Bicleta","Med",100.7031,-1.1362,105.2618,115.0687,-387.2151,45.5594,7.2119,-1.7076
0.9289,0.341,0.5744,0.1209,0.0769,0.0736,0.2572,-1.1299,-0.7524,2.107,-0.2759,3.0316,0.5335,0.1767,-0.8271,-0.1056,-0.9564,-0.2725,-0.8392,0.2327,-0.4916,0.8633,0.0206,-0.4825,-0.1463,"Bicleta","Med",100.7031,-1.1362,105.2618,115.0687,-387.2151,45.5594,7.2119,-1.7076
0.9058,0.3247,0.5789,0.0904,0.059,0.0938,0.2252,-0.9343,-0.6269,2.0969,-0.2832,3.0326,0.5255,0.1856,-0.8303,-0.1044,-0.9545,-0.2795,-0.8444,0.2335,-0.4822,0.8605,0.0236,-0.4865,-0.149,"Bicleta","Med",100.7031,-1.1362,105.2618,115.0687,-387.2151,45.3287,7.9471,-2.6658
0.9029,0.3044,0.5871,0.0695,0.0311,0.1073,0.2044,-0.7628,-0.5212,2.0886,-0.2894,3.0334,0.5189,0.193,-0.8328,-0.1035,-0.9528,-0.2853,-0.8486,0.2343,-0.4744,0.8582,0.0261,-0.4898,-0.1514,"Bicleta","Med",100.7031,-1.1362,105.2618,115.0687,-387.2151,45.3287,7.9471,-2.6658
0.9178,0.3071,0.5787,0.072,0.0131,0.1184,0.1702,-0.5701,-0.4651,2.0819,-0.2947,3.0337,0.5136,0.1992,-0.8346,-0.103,-0.9513,-0.2904,-0.8518,0.2352,-0.4681,0.8563,0.0281,-0.4923,-0.1534,"Bicleta","Med",100.7031,-1.1362,104.9016,116.1503,-388.8692,45.2292,8.272,-3.3634
0.933,0.3026,0.5668,0.0872,0.0126,0.111,0.1165,-0.3257,-0.4097,2.0776,-0.2993,3.0343,0.5102,0.2043,-0.8354,-0.1023,-0.95,-0.2949,-0.8539,0.2359,-0.4638,0.855,0.0298,-0.494,-0.1552,"Bicleta","Med",100.7031,-1.1362,104.9016,116.1503,-388.8692,45.2292,8.272,-3.3634
0.9504,0.2931,0.5444,0.1027,0.001,0.1003,0.066,-0.1806,-0.3542,2.0754,-0.3032,3.0351,0.5085,0.2085,-0.8355,-0.1015,-0.949,-0.2986,-0.8551,0.2366,-0.4614,0.8542,0.0313,-0.4948,-0.1566,"Bicleta","Med",100.7031,-1.1362,104.9016,116.1503,-388.8692,45.0654,8.8217,-3.6643
0.9552,0.2892,0.521,0.119,-0.0107,0.077,0.0807,-0.1611,-0.291,2.0739,-0.3064,3.0358,0.5073,0.2119,-0.8353,-0.1007,-0.9481,-0.3017,-0.8558,0.2372,-0.4597,0.8537,0.0326,-0.4952,-0.1578,"Bicleta","Med",100.7031,-1.1362,104.9016,116.1503,-388.8692,45.0654,8.8217,-3.6643
0.9381,0.2916,0.5062,0.1161,-0.0144,0.0569,0.1081,-0.1105,-0.2074,2.0724,-0.3092,3.0355,0.5064,0.2144,-0.8352,-0.1008,-0.9472,-0.3043,-0.8564,0.2383,-0.458,0.8532,0.0333,-0.4957,-0.159,"Bicleta","Med",100.7031,-1.1362,104.8015,116.6207,-389.4771,44.925,8.8003,-3.7374
0.928,0.2852,0.5198,0.098,-0.0154,0.0495,0.0919,0.0955,-0.14,2.0721,-0.3112,3.0351,0.5064,0.216,-0.8348,-0.1012,-0.9466,-0.3062,-0.8563,0.2395,-0.4575,0.853,0.0337,-0.4956,-0.16,"Bicleta","Med",100.7031,-1.1362,104.8015,116.6207,-389.4771,44.925,8.8003,-3.7374
0.9424,0.2823,0.5345,0.0968,-0.0242,0.0674,0.0515,0.3001,-0.1191,2.074,-0.3128,3.0346,0.5083,0.2165,-0.8335,-0.1016,-0.946,-0.3077,-0.8552,0.2411,-0.4588,0.8534,0.0337,-0.4947,-0.1608,"Bicleta","Med",100.7031,-1.1362,104.8015,116.6207,-389.4771,44.9341,9.1523,-3.7926
0.9491,0.2883,0.5373,0.1156,-0.0261,0.074,0.0471,0.4445,-0.1225,2.0777,-0.3141,3.0345,0.5116,0.2167,-0.8315,-0.1017,-0.9456,-0.309,-0.8532,0.2426,-0.4617,0.8542,0.0337,-0.493,-0.1614,"Bicleta","Med",100.7031,-1.1362,104.8015,116.6207,-389.4771,44.9341,9.1523,-3.7926
0.9239,0.3178,0.5357,0.1165,-0.0157,0.0721,0.0612,0.5558,-0.1111,2.0826,-0.3155,3.0341,0.516,0.2164,-0.8288,-0.1019,-0.9452,-0.3103,-0.8505,0.2446,-0.4656,0.8554,0.0335,-0.4908,-0.1622,"Bicleta","Med",100.7031,-1.1362,104.6312,117.2104,-389.2894,44.8588,9.2422,-3.532
0.8692,0.3418,0.53,0.0836,0.0162,0.0631,0.062,0.7135,-0.0771,2.0888,-0.3167,3.0336,0.5214,0.2156,-0.8256,-0.1024,-0.9447,-0.3114,-0.8471,0.2469,-0.4705,0.8568,0.033,-0.4881,-0.1629,"Bicleta","Med",100.7031,-1.1362,104.6312,117.2104,-389.2894,45.0929,9.3352,-2.9445
0.817,0.35,0.5268,0.0304,0.0329,0.0535,-0.0387,0.7685,-0.0353,2.0962,-0.3173,3.0334,0.5278,0.2142,-0.8219,-0.1026,-0.9445,-0.312,-0.8432,0.249,-0.4766,0.8586,0.0325,-0.4848,-0.1633,"Bicleta","Med",100.7031,-1.1362,104.6312,117.2104,-389.2894,45.0929,9.3352,-2.9445
0.7875,0.3492,0.5083,-0.0134,0.0392,0.0389,-0.1811,0.7227,0.0242,2.104,-0.3168,3.034,0.5341,0.2121,-0.8183,-0.1021,-0.9447,-0.3115,-0.8392,0.2499,-0.483,0.8605,0.032,-0.4816,-0.1631,"Bicleta","Med",100.7031,-1.1362,104.8868,117.2521,-388.1859,45.2441,9.2654,-2.4809
0.7914,0.3409,0.5022,-0.0299,0.0376,0.0155,-0.2844,0.634,0.094,2.1112,-0.3151,3.0355,0.5398,0.2098,-0.8153,-0.1007,-0.9454,-0.3099,-0.8358,0.2494,-0.4892,0.8623,0.0316,-0.4787,-0.1622,"Bicleta","Med",100.7031,-1.1362,104.8868,117.2521,-388.1859,45.2441,9.2654,-2.4809
0.8114,0.3274,0.5001,-0.0162,0.0294,0.0075,-0.3422,0.5323,0.1911,2.1176,-0.3123,3.037,0.5445,0.2067,-0.8129,-0.0993,-0.9464,-0.3072,-0.8329,0.248,-0.4948,0.864,0.0311,-0.4762,-0.1607,"Bicleta","Med",100.7031,-1.1362,104.8868,117.2521,-388.1859,45.103,9.1877,-1.928
0.8408,0.3251,0.4983,0.0079,0.0215,-9e-04,-0.3778,0.441,0.2738,2.1229,-0.3084,3.0386,0.5483,0.2032,-0.8112,-0.0979,-0.9478,-0.3036,-0.8305,0.2459,-0.4998,0.8654,0.0304,-0.4743,-0.1587,"Bicleta","Med",100.7031,-1.1362,104.8868,117.2521,-388.1859,45.103,9.1877,-1.928
0.8729,0.3313,0.5108,0.0408,0.0275,-0.0041,-0.4197,0.3708,0.3259,2.1275,-0.3038,3.0402,0.5513,0.1992,-0.8102,-0.0966,-0.9493,-0.2991,-0.8287,0.2431,-0.5042,0.8667,0.0296,-0.4727,-0.1564,"Bicleta","Med",100.7031,-1.1362,104.9942,117.3281,-387.41,45.2572,9.1046,-1.2737
0.893,0.3315,0.5471,0.071,0.0386,0.0108,-0.4805,0.3115,0.3577,2.1314,-0.2985,3.042,0.5538,0.195,-0.8095,-0.095,-0.9511,-0.2941,-0.8272,0.2398,-0.5082,0.8679,0.0288,-0.4715,-0.1538,"Bicleta","Med",100.7031,-1.1362,104.9942,117.3281,-387.41,45.2572,9.1046,-1.2737
0.9054,0.3293,0.6007,0.0874,0.0416,0.0511,-0.5606,0.2505,0.3629,2.1348,-0.2926,3.0442,0.5558,0.1906,-0.8092,-0.0931,-0.953,-0.2884,-0.8261,0.2357,-0.5119,0.869,0.028,-0.4705,-0.1508,"Bicleta","Med",100.7031,-1.1362,104.9942,117.3281,-387.41,45.1996,8.6851,-1.0165
0.915,0.3311,0.6424,0.1001,0.0478,0.0996,-0.6381,0.1743,0.3512,2.1378,-0.2863,3.0472,0.5572,0.1865,-0.8092,-0.0905,-0.955,-0.2824,-0.8255,0.2306,-0.5152,0.87,0.0276,-0.4697,-0.1474,"Bicleta","Med",100.7031,-1.1362,104.9942,117.3281,-387.41,45.1996,8.6851,-1.0165
0.9127,0.324,0.6703,0.1064,0.0533,0.135,-0.7512,0.0545,0.303,2.1401,-0.2798,3.0512,0.5578,0.183,-0.8095,-0.0868,-0.9572,-0.2762,-0.8254,0.2243,-0.5181,0.8708,0.0276,-0.4694,-0.1437,"Bicleta","Med",100.7031,-1.1362,105.0124,116.8125,-386.5523,45.4162,8.6187,-0.7597
0.887,0.3388,0.6453,0.0978,0.0554,0.1495,-0.8678,-0.125,0.2371,2.1411,-0.2732,3.0565,0.5573,0.1804,-0.8105,-0.0818,-0.9594,-0.2698,-0.8263,0.2167,-0.5199,0.8713,0.0283,-0.4696,-0.1396,"Bicleta","Med",100.7031,-1.1362,105.0124,116.8125,-386.5523,45.4162,8.6187,-0.7597
0.8295,0.3506,0.5922,0.0606,0.0823,0.1084,-0.9058,-0.1921,0.2195,2.141,-0.2665,3.0628,0.5556,0.1785,-0.812,-0.0759,-0.9617,-0.2634,-0.828,0.208,-0.5208,0.8715,0.0294,-0.4705,-0.1352,"Bicleta","Med",100.7031,-1.1362,105.0124,116.8125,-386.5523,45.4791,8.3784,-0.8583
0.6992,0.2971,0.5924,-0.1282,0.0619,0.0719,-0.759,-0.1809,0.1789,2.1406,-0.2511,3.0769,0.5519,0.1739,-0.8156,-0.0626,-0.9666,-0.2485,-0.8316,0.1882,-0.5226,0.8719,0.0319,-0.4723,-0.1252,"Bicleta","Med",100.7031,-1.1362,105.0124,116.8125,-386.5523,45.2586,7.9961,-0.6689
0.6734,0.3463,0.6027,-0.1431,0.1154,0.0865,-0.6765,-0.3197,0.0887,2.1386,-0.2467,3.0821,0.5491,0.1736,-0.8176,-0.0577,-0.968,-0.2442,-0.8338,0.1813,-0.5215,0.8716,0.0332,-0.4737,-0.1221,"Bicleta","Med",100.7031,-1.1362,105.0714,116.0141,-386.3529,45.4439,7.9263,-0.7755
0.6982,0.3919,0.6146,-0.1443,0.1171,0.0876,-0.6765,-0.3197,0.0887,2.137,-0.2449,3.0847,0.5472,0.1738,-0.8188,-0.0552,-0.9686,-0.2425,-0.8352,0.1778,-0.5204,0.8712,0.034,-0.4746,-0.1206,"Bicleta","Med",100.7031,-1.1362,105.0714,116.0141,-386.3529,45.4439,7.9263,-0.7755
1.0388,-0.0177,0.9057,0.2311,-0.211,0.387,-0.5044,0.7174,0.6141,2.1559,-0.2156,3.1145,0.5569,0.1633,-0.8144,-0.0265,-0.9765,-0.214,-0.8301,0.1407,-0.5395,0.8765,0.039,-0.4691,-0.1012,"Bicleta","Med",100.7031,-1.1362,105.0714,116.0141,-386.3529,45.46,7.7597,-0.0866
0.9909,-0.0111,0.7284,0.2146,-0.224,0.3213,-0.5044,0.3954,0.668,2.1615,-0.2077,3.1145,0.5614,0.1561,-0.8127,-0.0266,-0.9781,-0.2062,-0.8271,0.1374,-0.5449,0.8781,0.0369,-0.4669,-0.0978,"Bicleta","Med",100.7031,-1.1362,105.0714,116.0141,-386.3529,45.6062,7.3577,0.2907
0.9909,-0.0111,0.7284,0.1648,-0.2092,0.1175,-0.4582,0.3954,0.668,2.1631,-0.2036,3.1144,0.5626,0.1526,-0.8125,-0.0266,-0.979,-0.2022,-0.8263,0.1354,-0.5467,0.8787,0.0358,-0.4663,-0.0961,"Bicleta","Med",100.7031,-1.1362,105.0233,115.8503,-385.9613,45.6062,7.3577,0.2907
0.9602,0.0043,0.5368,0.1647,-0.2051,0.1162,-0.5647,0.1431,0.6582,2.1641,-0.1994,3.1146,0.5633,0.1491,-0.8127,-0.0264,-0.9798,-0.1981,-0.8258,0.1331,-0.548,0.8791,0.0349,-0.466,-0.0942,"Bicleta","Med",100.7031,-1.1362,105.0233,115.8503,-385.9613,45.6062,7.3577,0.2907
0.9602,0.0043,0.5368,0.145,-0.183,-0.052,-0.5647,0.1431,0.6582,2.1647,-0.1951,3.1152,0.5636,0.1459,-0.813,-0.0259,-0.9807,-0.1939,-0.8256,0.1303,-0.549,0.8794,0.0341,-0.4658,-0.0922,"Bicleta","Med",100.7031,-1.1362,105.0233,115.8503,-385.9613,45.6062,7.3577,0.2907
0.9562,0.0317,0.4335,0.1445,-0.1785,-0.0528,-0.5647,0.1431,0.6582,2.1651,-0.1905,3.1166,0.5637,0.1429,-0.8136,-0.0246,-0.9816,-0.1894,-0.8256,0.1267,-0.5498,0.8796,0.0336,-0.4659,-0.0899,"Bicleta","Med",100.7031,-1.1362,105.0233,115.8503,-385.9613,45.4373,6.9602,0.6082
0.9562,0.0317,0.4335,0.1413,-0.1438,-0.1354,-0.7931,-0.0054,0.5945,2.1652,-0.1857,3.1184,0.5634,0.14,-0.8142,-0.0228,-0.9825,-0.1847,-0.8259,0.1226,-0.5504,0.8798,0.0333,-0.466,-0.0873,"Bicleta","Med",100.7031,-1.1362,105.2571,114.9546,-385.1783,45.4373,6.9602,0.6082
0.9526,0.0566,0.3878,0.1405,-0.1388,-0.1359,-1.0717,-0.1322,0.5476,2.1651,-0.1806,3.1209,0.5629,0.1372,-0.815,-0.0203,-0.9835,-0.1797,-0.8263,0.1177,-0.5509,0.88,0.0332,-0.4663,-0.0845,"Bicleta","Med",100.7031,-1.1362,105.2571,114.9546,-385.1783,45.4373,6.9602,0.6082
0.9526,0.0566,0.3878,0.1354,-0.1133,-0.1679,-1.0717,-0.1322,0.5476,2.1649,-0.1753,3.124,0.5622,0.1346,-0.816,-0.0173,-0.9845,-0.1744,-0.8268,0.1122,-0.5512,0.88,0.0333,-0.4667,-0.0814,"Bicleta","Med",100.7031,-1.1362,105.2571,114.9546,-385.1783,45.4373,6.9602,0.6082
0.9478,0.0689,0.3898,0.1343,-0.1077,-0.1681,-1.3044,-0.2335,0.5258,2.1645,-0.1696,3.1277,0.5613,0.1321,-0.817,-0.0137,-0.9856,-0.1688,-0.8275,0.1059,-0.5514,0.8801,0.0336,-0.4671,-0.078,"Bicleta","Med",100.7031,-1.1362,105.2571,114.9546,-385.1783,45.6687,6.1055,0.6432
0.9478,0.0689,0.3898,0.1343,-0.1077,-0.1681,-1.3044,-0.2335,0.5258,2.1645,-0.1696,3.1277,0.5613,0.1321,-0.817,-0.0137,-0.9856,-0.1688,-0.8275,0.1059,-0.5514,0.8801,0.0336,-0.4671,-0.078,"Bicleta","Med",100.7031,-1.1362,105.2571,114.9546,-385.1783,45.6687,6.1055,0.6432
0.9478,0.0689,0.3898,0.1266,-0.0904,-0.1517,-1.3044,-0.2335,0.5258,2.1638,-0.1637,3.1317,0.5602,0.1296,-0.8182,-0.0098,-0.9866,-0.1629,-0.8283,0.0993,-0.5514,0.8801,0.034,-0.4677,-0.0745,"Bicleta","Med",100.7031,-1.1362,105.2571,114.9546,-385.1783,45.6687,6.1055,0.6432
0.9293,0.0849,0.439,0.1253,-0.0844,-0.1516,-1.4176,-0.285,0.5502,2.1631,-0.1576,3.1359,0.559,0.127,-0.8194,-0.0056,-0.9876,-0.1569,-0.8292,0.0923,-0.5513,0.88,0.0345,-0.4683,-0.0708,"Bicleta","Med",100.7031,-1.1362,105.2571,114.9546,-385.1783,45.6687,6.1055,0.6432
0.8845,0.1151,0.5327,0.0966,-0.0517,-0.0884,-1.388,-0.2077,0.6492,2.1617,-0.1448,-3.1389,0.5568,0.1213,-0.8217,0.0027,-0.9895,-0.1443,-0.8306,0.0782,-0.5513,0.88,0.0352,-0.4694,-0.0632,"Bicleta","Med",100.7031,-1.1362,105.5078,113.9496,-385.1204,45.7968,5.9471,0.5659
0.8378,0.1424,0.6508,0.0455,-0.0059,0.0149,-1.2689,-0.0372,0.8446,2.1614,-0.1313,-3.1322,0.5558,0.1139,-0.8235,0.0093,-0.9914,-0.1309,-0.8313,0.0651,-0.5521,0.8802,0.035,-0.47,-0.0557,"Bicleta","Med",100.7031,-1.1362,105.5078,113.9496,-385.1204,45.7968,5.9471,0.5659
0.8196,0.1507,0.7545,0.0039,0.0305,0.1311,-1.1467,0.1803,1.0845,2.1626,-0.1166,-3.1275,0.5564,0.1044,-0.8243,0.014,-0.9931,-0.1163,-0.8308,0.0532,-0.554,0.8808,0.0336,-0.4697,-0.0481,"Bicleta","Med",100.7031,-1.1362,105.5078,113.9496,-385.1204,45.7526,5.1936,0.5669
0.8454,0.1526,0.8193,-8e-04,0.0508,0.2206,-1.0513,0.4735,1.2959,2.166,-0.1005,-3.1254,0.5593,0.0922,-0.8238,0.0162,-0.9948,-0.1004,-0.8288,0.0428,-0.5579,0.882,0.0307,-0.4684,-0.0406,"Bicleta","Med",100.7031,-1.1362,105.5078,113.9496,-385.1204,45.7526,5.1936,0.5669
0.8949,0.1506,0.836,0.0371,0.0701,0.2663,-0.9858,0.7642,1.4319,2.1723,-0.0836,-3.1246,0.5646,0.0784,-0.8216,0.0169,-0.9964,-0.0835,-0.8252,0.0332,-0.5639,0.8839,0.027,-0.4658,-0.033,"Bicleta","Med",100.7031,-1.1362,105.5113,112.4216,-384.8865,45.8047,4.157,0.9967
0.9437,0.1099,0.78,0.0934,0.0776,0.2556,-0.9803,0.9435,1.4887,2.1809,-0.0659,-3.1252,0.572,0.0634,-0.8178,0.0163,-0.9977,-0.0659,-0.8201,0.0243,-0.5717,0.8862,0.0225,-0.4621,-0.0254,"Bicleta","Med",100.7031,-1.1362,105.5113,112.4216,-384.8865,45.8047,4.157,0.9967
0.9755,0.0406,0.6831,0.1418,0.0428,0.1717,-1.0303,0.9424,1.494,2.1904,-0.048,-3.1259,0.58,0.0482,-0.8132,0.0157,-0.9987,-0.048,-0.8145,0.0151,-0.58,0.8886,0.018,-0.4579,-0.0177,"Bicleta","Med",100.7031,-1.1362,105.5113,112.4216,-384.8865,45.8847,2.7496,1.7107
0.9863,-0.0435,0.6163,0.1725,-0.0135,0.0699,-1.1178,0.8307,1.4671,2.1993,-0.0297,-3.1261,0.5875,0.0331,-0.8086,0.0155,-0.9994,-0.0297,-0.8091,0.005,-0.5877,0.8909,0.0136,-0.454,-0.0097,"Bicleta","Med",100.7031,-1.1362,105.5113,112.4216,-384.8865,45.8847,2.7496,1.7107
0.975,-0.1065,0.5957,0.1815,-0.0773,0.0123,-1.1829,0.7296,1.4033,2.2071,-0.0113,-3.1254,0.594,0.0187,-0.8043,0.0161,-0.9998,-0.0113,-0.8043,-0.0063,-0.5942,0.8927,0.0098,-0.4505,-0.0014,"Bicleta","Med",100.7031,-1.1362,105.4971,109.7769,-383.6108,46.0157,1.4353,2.4964
