"accelX.g.","accelY.g.","accelZ.g.","accelUserX.g.","accelUserY.g.","accelUserZ.g.","gyroX.rad.s.","gyroY.rad.s.","gyroZ.rad.s.","Roll.rads.","Pitch.rads.","Yaw.rads.","m11","m12","m13","m21","m22","m23","m31","m32","m33","qX","qY","qZ","qW","ActivityType","ActivityConfidence","Pressure.kilopascals.","RelativeAltitude.meters.","magX.µT.","magY.µT.","magZ.µT.","calMagX.µT.","calMagY.µT.","calMagZ.µT."
-0.4829,0.879,-0.64,-0.0875,0.1564,-0.077,0.3705,-0.4153,-0.2858,-0.6125,-0.8165,1.0747,0.0209,0.919,0.3937,-0.6022,0.3259,-0.7288,-0.7981,-0.2218,0.5603,-0.1835,-0.4315,0.5508,0.6905,"Andando","Med",102.0587,35.5128,89.4223,109.3237,-677.7698,-15.8851,12.72,-44.5176
-0.4851,0.8479,-0.6653,-0.0886,0.1263,-0.0983,0.2513,-0.263,-0.2587,-0.6151,-0.8133,1.0739,0.0207,0.9178,0.3965,-0.604,0.3275,-0.7266,-0.7967,-0.2244,0.5612,-0.1817,-0.4318,0.5507,0.6909,"Andando","Med",102.0587,35.5128,89.4223,109.3237,-677.7698,-15.8851,12.72,-44.5176
-0.4865,0.8363,-0.6807,-0.0872,0.113,-0.1184,0.1528,-0.12,-0.2161,-0.6164,-0.811,1.0735,0.021,0.9171,0.3982,-0.6053,0.3286,-0.725,-0.7957,-0.2258,0.562,-0.1805,-0.4317,0.5506,0.6913,"Andando","Med",102.0587,35.5128,88.2521,108.6669,-677.759,-16.0667,12.5166,-44.4906
-0.4975,0.8224,-0.6734,-0.0967,0.1024,-0.1125,0.0942,0.008,-0.1635,-0.6164,-0.8094,1.0728,0.0222,0.9167,0.3989,-0.6061,0.3296,-0.7239,-0.795,-0.2257,0.563,-0.18,-0.4314,0.5503,0.6919,"Andando","Med",102.0587,35.5128,88.2521,108.6669,-677.759,-16.0667,12.5166,-44.4906
-0.4963,0.7916,-0.6615,-0.0985,0.0767,-0.1001,0.0504,0.0879,-0.1231,-0.616,-0.8083,1.0726,0.0229,0.9166,0.3991,-0.6068,0.33,-0.7231,-0.7945,-0.2256,0.5638,-0.1797,-0.4311,0.5502,0.6922,"Andando","Med",102.0587,35.5128,88.2521,108.6669,-677.759,-16.1897,12.2922,-44.4555
-0.4834,0.7481,-0.6498,-0.0873,0.0336,-0.0884,0.0079,0.0829,-0.0981,-0.6162,-0.8076,1.0719,0.0237,0.9164,0.3995,-0.607,0.3307,-0.7226,-0.7943,-0.2254,0.5641,-0.1795,-0.431,0.5499,0.6926,"Andando","Med",102.0587,35.5128,88.2521,108.6669,-677.759,-16.1897,12.2922,-44.4555
-0.4591,0.715,-0.6251,-0.0639,-0.0017,-0.0677,-0.0044,-0.007,-0.0856,-0.6173,-0.8068,1.0719,0.0231,0.916,0.4004,-0.6075,0.331,-0.7221,-0.794,-0.2265,0.5641,-0.1789,-0.4312,0.55,0.6925,"Andando","Med",102.0587,35.5128,88.0488,108.5719,-677.5775,-16.015,11.9203,-44.453
-0.4101,0.709,-0.5034,-0.0052,-0.012,0.0533,0.0178,-0.127,-0.0746,-0.6235,-0.8026,1.0745,0.0173,0.9138,0.4057,-0.611,0.3308,-0.7192,-0.7915,-0.2354,0.5641,-0.1749,-0.4329,0.5513,0.6914,"Andando","Med",102.0587,35.5128,88.0488,108.5719,-677.5775,-16.284,11.6559,-44.5556
-0.4101,0.709,-0.5034,-0.0016,0.0016,0.0828,0.205,-0.3254,-0.0448,-0.6246,-0.8015,1.0753,0.0161,0.9134,0.4068,-0.612,0.3307,-0.7184,-0.7907,-0.2374,0.5643,-0.174,-0.4331,0.5517,0.6912,"Andando","Med",102.0587,35.5128,88.0488,108.5719,-677.5775,-16.284,11.6559,-44.5556
-0.4083,0.7218,-0.4772,0.0046,0.0091,0.1017,0.26,-0.369,-0.0511,-0.627,-0.7989,1.0773,0.0133,0.9123,0.4093,-0.6143,0.3304,-0.7166,-0.789,-0.2418,0.5648,-0.1718,-0.4337,0.5525,0.6908,"Andando","Med",102.0587,35.5128,87.7774,108.5337,-677.4669,-16.284,11.6559,-44.5556
-0.4025,0.7271,-0.4606,0.0061,0.0102,0.102,0.3012,-0.4498,-0.0772,-0.6285,-0.7974,1.0786,0.0115,0.9117,0.4107,-0.6157,0.3301,-0.7155,-0.7879,-0.2446,0.5651,-0.1705,-0.434,0.553,0.6904,"Andando","Med",102.0587,35.5128,87.7774,108.5337,-677.4669,-16.4179,11.4412,-44.3636
-0.3885,0.7383,-0.4566,0.0238,0.0227,0.1089,0.3259,-0.5646,-0.0802,-0.6321,-0.7941,1.0807,0.0079,0.9102,0.4141,-0.6184,0.3299,-0.7133,-0.7858,-0.2505,0.5655,-0.1677,-0.4349,0.554,0.6898,"Andando","Med",102.0587,35.5128,87.7774,108.5337,-677.4669,-16.4179,11.4412,-44.3636
-0.3885,0.7383,-0.4566,0.0309,0.0361,0.103,0.3259,-0.5646,-0.0802,-0.6343,-0.7925,1.0819,0.0058,0.9093,0.4161,-0.6198,0.3298,-0.7121,-0.7847,-0.2538,0.5655,-0.1662,-0.4355,0.5545,0.6894,"Andando","Med",102.0587,35.5128,87.7774,108.5337,-677.4669,-16.4179,11.4412,-44.3636
-0.3843,0.751,-0.4653,0.033,0.0373,0.1028,0.3073,-0.6969,-0.0739,-0.6369,-0.7909,1.0832,0.0031,0.9083,0.4182,-0.6213,0.3294,-0.711,-0.7836,-0.2576,0.5654,-0.1645,-0.4362,0.5552,0.6888,"Andando","Med",102.0587,35.5128,86.8636,108.3919,-677.5638,-16.9067,11.0021,-44.4188
-0.3685,0.7632,-0.4857,0.0501,0.0523,0.0841,0.3073,-0.6969,-0.0739,-0.6432,-0.788,1.085,-0.0024,0.9061,0.423,-0.6237,0.3293,-0.7089,-0.7817,-0.2655,0.5644,-0.1612,-0.438,0.5562,0.6876,"Andando","Med",102.0587,35.5128,86.8636,108.3919,-677.5638,-16.9067,11.0021,-44.4188
-0.3468,0.7693,-0.5113,0.0781,0.0616,0.0551,0.2418,-0.7815,-0.0855,-0.6502,-0.7854,1.0865,-0.0082,0.9037,0.428,-0.6258,0.3292,-0.7071,-0.78,-0.2736,0.5628,-0.1579,-0.4401,0.5572,0.6863,"Andando","Med",102.0587,35.5128,86.8636,108.3919,-677.5638,-17.5675,10.9271,-44.2824
-0.3513,0.765,-0.5173,0.0848,0.0613,0.0447,0.1707,-0.6074,-0.0918,-0.6565,-0.7832,1.0874,-0.0131,0.9015,0.4325,-0.6275,0.3294,-0.7056,-0.7785,-0.2806,0.5613,-0.155,-0.4419,0.5579,0.6851,"Andando","Med",102.0587,35.5128,86.8636,108.3919,-677.5638,-17.5675,10.9271,-44.2824
-0.3903,0.7579,-0.5207,0.0556,0.0541,0.0404,0.1707,-0.6074,-0.0918,-0.6609,-0.7812,1.0886,-0.0168,0.8999,0.4359,-0.6291,0.3293,-0.7041,-0.7771,-0.286,0.5606,-0.1527,-0.4432,0.5586,0.6843,"Andando","Med",102.0587,35.5128,85.7571,107.5956,-676.8615,-18.116,10.8288,-43.9628
-0.4365,0.7654,-0.5243,0.0089,0.0604,0.0376,0.1611,-0.3741,-0.0663,-0.6626,-0.7795,1.0898,-0.0185,0.899,0.4376,-0.6306,0.3291,-0.7029,-0.7759,-0.289,0.5608,-0.1513,-0.4435,0.5591,0.684,"Andando","Med",102.0587,35.5128,85.7571,107.5956,-676.8615,-18.116,10.8288,-43.9628
-0.4573,0.7729,-0.5312,-0.0176,0.07,0.0321,0.1453,-0.1316,-0.0291,-0.6623,-0.7782,1.0912,-0.0191,0.8988,0.438,-0.6318,0.3286,-0.702,-0.7749,-0.2901,0.5616,-0.1505,-0.4433,0.5595,0.6839,"Andando","Med",102.0587,35.5128,85.7571,107.5956,-676.8615,-18.1384,10.5917,-43.9468
-0.4488,0.7749,-0.542,-0.0147,0.0727,0.0227,0.0882,3e-04,-0.0042,-0.6617,-0.7776,1.092,-0.0191,0.8988,0.4379,-0.6324,0.3283,-0.7016,-0.7744,-0.2903,0.5622,-0.1503,-0.4431,0.5597,0.684,"Andando","Med",102.0587,35.5128,85.7571,107.5956,-676.8615,-18.1384,10.5917,-43.9468
-0.4205,0.7766,-0.5434,0.0109,0.0747,0.0168,0.0049,0.0192,0.0046,-0.6617,-0.7777,1.0923,-0.0194,0.8989,0.4378,-0.6325,0.3281,-0.7017,-0.7743,-0.2905,0.5621,-0.1503,-0.4431,0.5598,0.6839,"Andando","Med",102.0587,35.5128,85.1404,107.2216,-676.8307,-18.1872,10.604,-44.1689
-0.3873,0.7747,-0.524,0.0439,0.0737,0.0327,-0.0744,-0.0139,-0.0062,-0.6625,-0.7782,1.0916,-0.0196,0.8987,0.4381,-0.6319,0.3284,-0.702,-0.7748,-0.2906,0.5615,-0.1504,-0.4434,0.5596,0.6838,"Andando","Med",102.0587,35.5128,85.1404,107.2216,-676.8307,-18.1872,10.604,-44.1689
-0.3531,0.7626,-0.4911,0.079,0.0637,0.0615,-0.1192,-0.0428,-0.0317,-0.6639,-0.7787,1.0906,-0.02,0.8984,0.4387,-0.6313,0.3289,-0.7023,-0.7752,-0.291,0.5606,-0.1504,-0.4439,0.5594,0.6836,"Andando","Med",102.0587,35.5128,85.1404,107.2216,-676.8307,-18.3782,10.9485,-44.1931
-0.3314,0.7395,-0.4488,0.1055,0.0421,0.1032,-0.1124,-0.0636,-0.0608,-0.6655,-0.7788,1.0894,-0.0202,0.898,0.4395,-0.6309,0.3296,-0.7024,-0.7756,-0.2914,0.5599,-0.1503,-0.4444,0.5591,0.6836,"Andando","Med",102.0587,35.5128,85.1404,107.2216,-676.8307,-18.3782,10.9485,-44.1931
-0.3285,0.7141,-0.4241,0.112,0.0166,0.1328,-0.0733,-0.064,-0.0768,-0.6668,-0.7785,1.0886,-0.0204,0.8976,0.4403,-0.6308,0.3302,-0.7022,-0.7757,-0.2921,0.5595,-0.15,-0.4447,0.559,0.6836,"Andando","Med",102.0587,35.5128,85.3071,106.8968,-676.9341,-18.4606,10.9211,-44.1564
-0.3305,0.6881,-0.43,0.1113,-0.0081,0.1326,-0.0268,-0.0456,-0.0836,-0.6675,-0.7778,1.0881,-0.0202,0.8973,0.441,-0.631,0.3307,-0.7017,-0.7755,-0.2924,0.5595,-0.1496,-0.4448,0.5588,0.6838,"Andando","Med",102.0587,35.5128,85.3071,106.8968,-676.9341,-18.4606,10.9211,-44.1564
-0.3409,0.6626,-0.4554,0.1037,-0.0346,0.111,0.0135,-0.0042,-0.078,-0.6675,-0.777,1.088,-0.0198,0.8971,0.4414,-0.6315,0.331,-0.7012,-0.7751,-0.2926,0.56,-0.1493,-0.4447,0.5587,0.6839,"Andando","Med",102.0587,35.5128,85.3071,106.8968,-676.9341,-18.3177,11.0718,-43.8644
-0.3674,0.655,-0.4984,0.0803,-0.0459,0.0719,0.0256,0.0202,-0.0538,-0.6674,-0.7765,1.0881,-0.0196,0.897,0.4416,-0.6319,0.3311,-0.7008,-0.7748,-0.2928,0.5603,-0.1491,-0.4445,0.5587,0.6841,"Andando","Med",102.0587,35.5128,85.3071,106.8968,-676.9341,-18.3177,11.0718,-43.8644
-0.3897,0.6606,-0.5427,0.0547,-0.0417,0.0248,0.0066,-6e-04,-0.0196,-0.6674,-0.7763,1.0885,-0.0198,0.897,0.4416,-0.6321,0.3309,-0.7006,-0.7746,-0.293,0.5604,-0.149,-0.4445,0.5589,0.684,"Andando","Med",102.0587,35.5128,85.8158,106.516,-676.6857,-18.4145,10.8685,-43.9426
-0.3956,0.6701,-0.5636,0.0464,-0.033,-9e-04,-0.0193,-0.0194,0.0131,-0.6671,-0.777,1.089,-0.0205,0.8972,0.4412,-0.6318,0.3304,-0.7012,-0.7748,-0.2931,0.5601,-0.1492,-0.4446,0.5591,0.6837,"Andando","Med",102.0587,35.5128,85.8158,106.516,-676.6857,-18.3593,10.9953,-43.9441
-0.4062,0.6784,-0.5757,0.0373,-0.0253,-0.0138,-0.0435,-0.0131,0.0392,-0.6667,-0.7782,1.0897,-0.0211,0.8976,0.4404,-0.6313,0.3296,-0.702,-0.7752,-0.2928,0.5597,-0.1497,-0.4447,0.5593,0.6834,"Andando","Med",102.0587,35.5128,85.8158,106.516,-676.6857,-18.3593,10.9953,-43.9441
-0.423,0.6853,-0.584,0.0193,-0.0185,-0.0235,-0.0677,0.006,0.0592,-0.666,-0.7798,1.0904,-0.0219,0.8981,0.4393,-0.6306,0.3286,-0.7031,-0.7758,-0.2924,0.5591,-0.1503,-0.4448,0.5595,0.683,"Andando","Med",102.0587,35.5128,85.9248,106.5229,-676.9981,-18.5574,11.1703,-44.037
-0.4371,0.6873,-0.5864,0.0038,-0.018,-0.028,-0.0819,0.0205,0.0819,-0.6654,-0.7815,1.0911,-0.0227,0.8986,0.4382,-0.6297,0.3276,-0.7044,-0.7765,-0.292,0.5584,-0.1511,-0.4449,0.5598,0.6825,"Andando","Med",102.0587,35.5128,85.9248,106.5229,-676.9981,-18.5574,11.1703,-44.037
-0.4481,0.6999,-0.5862,-0.0096,-0.0093,-0.0284,-0.0908,0.003,0.1045,-0.6649,-0.7833,1.0921,-0.0239,0.899,0.4372,-0.629,0.3264,-0.7056,-0.7771,-0.2919,0.5577,-0.1517,-0.4452,0.5602,0.6819,"Andando","Med",102.0587,35.5128,85.9248,106.5229,-676.9981,-18.4613,11.2073,-43.9514
-0.4402,0.7198,-0.5858,-0.0072,0.0092,-0.0289,-0.0946,-0.0187,0.1157,-0.6645,-0.7848,1.093,-0.025,0.8995,0.4363,-0.6283,0.3253,-0.7067,-0.7776,-0.2918,0.557,-0.1522,-0.4454,0.5605,0.6814,"Andando","Med",102.0587,35.5128,85.9248,106.5229,-676.9981,-18.4613,11.2073,-43.9514
-0.4211,0.7301,-0.5883,0.0112,0.0216,-0.031,-0.1009,-0.0142,0.1085,-0.6643,-0.7863,1.0939,-0.0263,0.8998,0.4356,-0.6277,0.3243,-0.7077,-0.778,-0.292,0.5562,-0.1527,-0.4456,0.5609,0.6808,"Andando","Med",102.0587,35.5128,85.7082,106.4076,-676.5844,-18.7102,11.2391,-43.9156
-0.4183,0.7333,-0.5937,0.0179,0.0237,-0.0377,-0.1561,-0.1225,0.1066,-0.6649,-0.7878,1.0944,-0.0277,0.8999,0.4352,-0.6268,0.3235,-0.7088,-0.7787,-0.2924,0.5551,-0.153,-0.4461,0.5611,0.6802,"Andando","Med",102.0587,35.5128,85.7082,106.4076,-676.5844,-18.7102,11.2391,-43.9156
-0.4311,0.7336,-0.5887,0.0074,0.0239,-0.0376,-0.1561,-0.1225,0.1066,-0.6663,-0.7897,1.0948,-0.0299,0.8999,0.4352,-0.6258,0.3226,-0.7101,-0.7794,-0.2936,0.5535,-0.1533,-0.4469,0.5614,0.6794,"Andando","Med",102.0587,35.5128,85.7082,106.4076,-676.5844,-18.7978,11.5611,-43.8109
-0.4477,0.733,-0.5685,-0.0094,0.021,-0.0217,-0.1865,-0.1984,0.1219,-0.6683,-0.7918,1.0951,-0.0325,0.8997,0.4354,-0.6246,0.3218,-0.7116,-0.7803,-0.295,0.5514,-0.1535,-0.448,0.5617,0.6784,"Andando","Med",102.0587,35.5128,85.7082,106.4076,-676.5844,-18.7978,11.5611,-43.8109
-0.4619,0.7418,-0.5401,-0.023,0.026,0.0028,-0.2023,-0.2445,0.1445,-0.6705,-0.7941,1.0958,-0.0358,0.8994,0.4356,-0.6234,0.3206,-0.7132,-0.7811,-0.2971,0.5492,-0.1536,-0.4492,0.5622,0.6771,"Andando","Med",102.0587,35.5128,85.7038,106.6355,-676.9991,-18.9875,11.6744,-43.9123
-0.4763,0.7474,-0.5068,-0.0388,0.0334,0.0336,-0.195,-0.2723,0.1759,-0.6723,-0.7962,1.0968,-0.0389,0.8993,0.4356,-0.6223,0.3193,-0.7147,-0.7818,-0.2989,0.5472,-0.1538,-0.4503,0.5628,0.6759,"Andando","Med",102.0587,35.5128,85.7038,106.6355,-676.9991,-18.9875,11.6744,-43.9123
-0.4787,0.7319,-0.4769,-0.0434,0.0201,0.0645,-0.152,-0.2136,0.1946,-0.6727,-0.7981,1.0987,-0.0417,0.8995,0.435,-0.6217,0.3175,-0.716,-0.7821,-0.3003,0.546,-0.154,-0.4509,0.5635,0.6749,"Andando","Med",102.0587,35.5128,85.7038,106.6355,-676.9991,-19.324,11.715,-43.5748
-0.4831,0.7246,-0.4788,-0.0486,0.0058,0.0705,-0.1162,-0.0978,0.2206,-0.6716,-0.8001,1.1009,-0.0436,0.9001,0.4335,-0.6212,0.3154,-0.7174,-0.7825,-0.3005,0.5454,-0.1546,-0.451,0.5642,0.674,"Andando","Med",102.0587,35.5128,85.7038,106.6355,-676.9991,-19.324,11.715,-43.5748
-0.4868,0.7445,-0.5153,-0.0549,0.0209,0.0381,-0.1085,-0.017,0.2551,-0.6694,-0.8024,1.1039,-0.0454,0.9011,0.4313,-0.6206,0.3128,-0.719,-0.7828,-0.3003,0.545,-0.1555,-0.4509,0.5652,0.6731,"Andando","Med",102.0587,35.5128,85.4937,107.1316,-676.735,-19.2145,11.9857,-43.4839
-0.4863,0.7603,-0.5524,-0.0588,0.0373,-0.0014,-0.1227,0.0472,0.2851,-0.6665,-0.805,1.1066,-0.0467,0.9023,0.4285,-0.6198,0.3103,-0.7208,-0.7834,-0.2992,0.5448,-0.1568,-0.4506,0.5659,0.6724,"Andando","Med",102.0587,35.5128,85.4937,107.1316,-676.735,-19.2145,11.9857,-43.4839
-0.4815,0.7625,-0.5741,-0.0562,0.0401,-0.027,-0.1554,0.0936,0.2863,-0.6641,-0.8077,1.1092,-0.0481,0.9035,0.426,-0.6188,0.3078,-0.7227,-0.7841,-0.2983,0.5442,-0.158,-0.4505,0.5667,0.6716,"Andando","Med",102.0587,35.5128,85.4937,107.1316,-676.735,-18.9159,12.0637,-43.4305
-0.4828,0.7635,-0.5708,-0.0574,0.0382,-0.0303,-0.1841,0.0437,0.2688,-0.6624,-0.8106,1.1108,-0.0493,0.9044,0.4238,-0.6174,0.3059,-0.7247,-0.7851,-0.2974,0.5433,-0.1592,-0.4505,0.5672,0.6708,"Andando","Med",102.0587,35.5128,85.4937,107.1316,-676.735,-18.9159,12.0637,-43.4305
-0.4984,0.7597,-0.5461,-0.0746,0.0351,-0.0092,-0.2041,0.0795,0.253,-0.6601,-0.8135,1.1125,-0.0501,0.9056,0.4213,-0.6161,0.3039,-0.7267,-0.7861,-0.296,0.5427,-0.1607,-0.4504,0.5676,0.6702,"Andando","Med",102.0587,35.5128,85.4957,107.4185,-676.51,-18.9618,12.1884,-43.4894
-0.4738,0.7521,-0.516,-0.0674,0.0236,0.0213,-0.1862,0.2357,0.2546,-0.6556,-0.8162,1.1143,-0.0493,0.9073,0.4176,-0.6149,0.302,-0.7285,-0.7871,-0.2927,0.543,-0.1626,-0.4495,0.568,0.67,"Andando","Med",102.0587,35.5128,85.4957,107.4185,-676.51,-18.9618,12.1884,-43.4894
-0.395,0.7582,-0.5029,0.0021,0.0261,0.0409,-0.1582,0.3937,0.2548,-0.6502,-0.8187,1.1164,-0.0478,0.9092,0.4136,-0.6138,0.2999,-0.7303,-0.788,-0.2888,0.5438,-0.1647,-0.4483,0.5683,0.6701,"Andando","Med",102.0587,35.5128,85.4957,107.4185,-676.51,-18.5567,12.554,-43.5634
-0.3397,0.776,-0.5151,0.0638,0.0394,0.0323,-0.1607,0.4267,0.228,-0.6451,-0.8213,1.1177,-0.046,0.9111,0.4096,-0.6126,0.2982,-0.732,-0.7891,-0.2846,0.5444,-0.1669,-0.4471,0.5684,0.6702,"Andando","Med",102.0587,35.5128,85.4957,107.4185,-676.51,-18.5567,12.554,-43.5634
-0.3476,0.7983,-0.5297,0.0637,0.0607,0.0181,-0.1949,0.406,0.215,-0.6401,-0.8241,1.1192,-0.0444,0.9129,0.4057,-0.6111,0.2964,-0.7339,-0.7903,-0.2805,0.5448,-0.1691,-0.4461,0.5685,0.6702,"Andando","Med",102.0587,35.5128,86.141,108.4357,-676.7897,-18.5582,12.6436,-43.7942
-0.3853,0.8054,-0.553,0.0234,0.069,-0.0022,-0.2396,0.4569,0.2238,-0.6345,-0.8275,1.1204,-0.0423,0.915,0.4012,-0.6093,0.2946,-0.7362,-0.7918,-0.2756,0.545,-0.1718,-0.4449,0.5685,0.6703,"Andando","Med",102.0587,35.5128,86.141,108.4357,-676.7897,-17.9346,12.9413,-43.7645
-0.4265,0.8045,-0.5884,-0.0219,0.0649,-0.0361,-0.2935,0.5222,0.256,-0.6288,-0.8314,1.1214,-0.0401,0.9172,0.3963,-0.6069,0.2928,-0.7389,-0.7937,-0.2701,0.545,-0.1748,-0.4438,0.5684,0.6704,"Andando","Med",102.0587,35.5128,86.141,108.4357,-676.7897,-17.9346,12.9413,-43.7645
-0.4494,0.8205,-0.5997,-0.0572,0.0752,-0.0574,-0.3214,0.4885,0.2895,-0.6233,-0.8354,1.1229,-0.0385,0.9193,0.3916,-0.6047,0.2906,-0.7415,-0.7955,-0.2654,0.5447,-0.1776,-0.4428,0.5685,0.6702,"Andando","Med",102.0587,35.5128,86.7552,109.3273,-677.1136,-17.2477,12.9632,-43.9258
-0.423,0.8202,-0.5518,-0.0442,0.0801,-0.0197,-0.2824,0.4473,0.2772,-0.6175,-0.8387,1.1243,-0.0364,0.9213,0.387,-0.6029,0.2887,-0.7438,-0.797,-0.2604,0.545,-0.1803,-0.4416,0.5685,0.6703,"Andando","Med",102.0587,35.5128,86.7552,109.3273,-677.1136,-17.2477,12.9632,-43.9258
-0.3865,0.7901,-0.4961,-0.0094,0.0504,0.0425,-0.2155,0.5213,0.2407,-0.6105,-0.8415,1.1259,-0.0333,0.9236,0.382,-0.6015,0.2867,-0.7457,-0.7982,-0.2546,0.546,-0.183,-0.4399,0.5684,0.6707,"Andando","Med",102.0587,35.5128,86.7552,109.3273,-677.1136,-16.5667,13.1016,-43.9198
-0.3891,0.7724,-0.5028,-0.0092,0.0264,0.051,-0.2056,0.674,0.232,-0.6017,-0.8446,1.1274,-0.0287,0.9262,0.3759,-0.5998,0.2849,-0.7477,-0.7996,-0.2469,0.5474,-0.1865,-0.4376,0.5682,0.6715,"Andando","Med",102.0587,35.5128,86.7552,109.3273,-677.1136,-16.5667,13.1016,-43.9198
-0.4157,0.7716,-0.5516,-0.0427,0.0212,0.0082,-0.2558,0.8745,0.263,-0.5909,-0.8483,1.129,-0.0228,0.9294,0.3684,-0.5978,0.2827,-0.7502,-0.8013,-0.2373,0.5491,-0.1907,-0.4348,0.5677,0.6725,"Andando","Med",102.0587,35.5128,88.0198,110.1226,-677.3258,-15.8668,13.539,-44.1281
-0.4125,0.773,-0.5971,-0.0576,0.0195,-0.0388,-0.3196,1.0831,0.2806,-0.5787,-0.8525,1.13,-0.0152,0.9329,0.3599,-0.5952,0.2808,-0.7529,-0.8034,-0.2257,0.551,-0.1956,-0.4316,0.5669,0.6739,"Andando","Med",102.0587,35.5128,88.0198,110.1226,-677.3258,-15.8668,13.539,-44.1281
-0.3634,0.7787,-0.6164,-0.0236,0.0213,-0.062,-0.3679,1.1983,0.2647,-0.5667,-0.8569,1.1305,-0.0075,0.9362,0.3515,-0.5923,0.279,-0.7558,-0.8057,-0.2139,0.5524,-0.2006,-0.4284,0.5659,0.6753,"Andando","Med",102.0587,35.5128,88.0198,110.1226,-677.3258,-14.676,13.9,-44.3544
-0.311,0.7948,-0.6136,0.0241,0.0314,-0.0627,-0.4179,1.1401,0.2263,-0.5565,-0.8616,1.13,-2e-04,0.939,0.344,-0.589,0.2779,-0.7589,-0.8081,-0.2028,0.553,-0.2055,-0.4258,0.5647,0.6765,"Andando","Med",102.0587,35.5128,88.0198,110.1226,-677.3258,-14.676,13.9,-44.3544
-0.2748,0.8168,-0.5899,0.0569,0.0527,-0.0435,-0.457,0.9746,0.1843,-0.5487,-0.8662,1.1291,0.0055,0.9412,0.3379,-0.5856,0.2769,-0.7619,-0.8106,-0.1937,0.5527,-0.2097,-0.4239,0.5635,0.6773,"Andando","Med",102.0587,35.5128,89.7056,110.8666,-677.6201,-14.2112,14.17,-44.5327
-0.2547,0.8072,-0.5541,0.0759,0.0454,-0.0095,-0.4819,0.8052,0.1243,-0.5429,-0.8706,1.127,0.0109,0.9429,0.3329,-0.5819,0.2767,-0.7647,-0.8132,-0.1854,0.5517,-0.2136,-0.4225,0.5622,0.6781,"Andando","Med",102.0587,35.5128,89.7056,110.8666,-677.6201,-14.2112,14.17,-44.5327
-0.2583,0.7991,-0.5249,0.0723,0.0321,0.0206,-0.4839,0.7003,0.0805,-0.5383,-0.8748,1.1244,0.0157,0.9443,0.3287,-0.5783,0.2768,-0.7674,-0.8156,-0.178,0.5505,-0.2171,-0.4215,0.5608,0.6788,"Andando","Med",102.0587,35.5128,89.7056,110.8666,-677.6201,-13.1967,14.6239,-44.5914
-0.265,0.7993,-0.5047,0.0615,0.0293,0.0409,-0.4718,0.6561,0.0202,-0.5346,-0.8785,1.1209,0.021,0.9454,0.3252,-0.5748,0.2776,-0.7698,-0.8181,-0.1708,0.5492,-0.2203,-0.4205,0.5592,0.6797,"Andando","Med",102.0587,35.5128,89.7056,110.8666,-677.6201,-13.1967,14.6239,-44.5914
-0.2831,0.7966,-0.494,0.0443,0.0253,0.0529,-0.4649,0.6287,-0.0368,-0.5315,-0.8821,1.1171,0.0261,0.9463,0.3221,-0.5713,0.2786,-0.772,-0.8204,-0.1639,0.5479,-0.2234,-0.4197,0.5575,0.6805,"Andando","Med",102.0587,35.5128,91.1756,111.8842,-677.5559,-12.389,14.9461,-44.517
-0.3185,0.792,-0.4975,0.0086,0.0184,0.0507,-0.4581,0.6155,-0.0587,-0.5285,-0.8855,1.113,0.0315,0.9472,0.3191,-0.5678,0.2797,-0.7742,-0.8226,-0.1568,0.5466,-0.2265,-0.4188,0.5557,0.6815,"Andando","Med",102.0587,35.5128,91.1756,111.8842,-677.5559,-12.389,14.9461,-44.517
-0.3516,0.8058,-0.5041,-0.0313,0.0245,0.0422,-0.4473,0.6282,-0.0594,-0.525,-0.8887,1.1092,0.0371,0.9481,0.316,-0.5644,0.2808,-0.7763,-0.8247,-0.1496,0.5455,-0.2296,-0.4178,0.554,0.6825,"Andando","Med",102.0587,35.5128,91.1756,111.8842,-677.5559,-12.0099,15.4596,-44.6711
-0.3501,0.8225,-0.5067,-0.0404,0.0431,0.0389,-0.4298,0.7027,-0.0649,-0.5207,-0.8918,1.1052,0.0435,0.949,0.3124,-0.5611,0.2819,-0.7782,-0.8266,-0.1414,0.5448,-0.2328,-0.4164,0.5521,0.6838,"Andando","Med",102.0587,35.5128,91.1756,111.8842,-677.5559,-12.0099,15.4596,-44.6711
-0.3292,0.8223,-0.5257,-0.0255,0.0424,0.0248,-0.425,0.7737,-0.0757,-0.5162,-0.8949,1.1013,0.0501,0.9498,0.3088,-0.5579,0.283,-0.7801,-0.8284,-0.1332,0.5441,-0.2361,-0.415,0.5502,0.6851,"Andando","Med",102.0587,35.5128,92.1731,112.5267,-677.6213,-11.6195,15.7513,-44.5316
-0.3083,0.8073,-0.5542,-0.0051,0.0313,-0.009,-0.4141,0.7922,-0.0901,-0.5115,-0.8977,1.0973,0.0571,0.9506,0.3051,-0.5548,0.2843,-0.7819,-0.83,-0.1247,0.5437,-0.2393,-0.4134,0.5482,0.6865,"Andando","Med",102.0587,35.5128,92.1731,112.5267,-677.6213,-11.6195,15.7513,-44.5316
-0.3006,0.7827,-0.5462,-0.0013,0.0022,-0.0035,-0.383,0.7809,-0.098,-0.5074,-0.9002,1.0934,0.0635,0.9512,0.302,-0.552,0.2856,-0.7835,-0.8314,-0.1169,0.5432,-0.2423,-0.412,0.5464,0.6878,"Andando","Med",102.0587,35.5128,92.1731,112.5267,-677.6213,-10.9108,16.2261,-44.8771
-0.288,0.771,-0.5593,0.0105,-0.0109,-0.0135,-0.383,0.7128,-0.1325,-0.5042,-0.9026,1.0887,0.07,0.9516,0.2993,-0.549,0.2873,-0.7849,-0.8329,-0.1094,0.5425,-0.2451,-0.4107,0.5444,0.6891,"Andando","Med",102.0587,35.5128,92.1731,112.5267,-677.6213,-10.9108,16.2261,-44.8771
-0.2968,0.7547,-0.5728,0.003,-0.0287,-0.0286,-0.377,0.6564,-0.1608,-0.502,-0.9048,1.0839,0.0757,0.9518,0.2973,-0.5461,0.2891,-0.7863,-0.8343,-0.1028,0.5416,-0.2475,-0.4098,0.5424,0.6904,"Andando","Med",102.0587,35.5128,93.3832,113.0728,-677.591,-10.3512,16.9327,-44.8666
-0.3108,0.7444,-0.5917,-0.0111,-0.042,-0.0471,-0.3709,0.5653,-0.1808,-0.5012,-0.907,1.079,0.0806,0.9518,0.296,-0.5431,0.291,-0.7876,-0.8358,-0.0973,0.5404,-0.2496,-0.4093,0.5406,0.6914,"Andando","Med",102.0587,35.5128,93.3832,113.0728,-677.591,-9.9534,16.9062,-44.7928
-0.3301,0.7499,-0.6049,-0.031,-0.0418,-0.0651,-0.3816,0.4243,-0.1976,-0.5019,-0.9092,1.0735,0.0846,0.9516,0.2956,-0.54,0.2931,-0.789,-0.8374,-0.0929,0.5386,-0.2514,-0.4092,0.5387,0.6921,"Andando","Med",102.0587,35.5128,93.3832,113.0728,-677.591,-9.9534,16.9062,-44.7928
-0.3531,0.7717,-0.5978,-0.0516,-0.0235,-0.0644,-0.3896,0.2931,-0.1921,-0.5036,-0.9115,1.0685,0.0873,0.9513,0.2956,-0.5369,0.2949,-0.7904,-0.8391,-0.0897,0.5365,-0.2529,-0.4096,0.5372,0.6926,"Andando","Med",102.0587,35.5128,93.988,113.356,-677.6458,-9.7141,17.1975,-44.7167
-0.3817,0.7784,-0.5743,-0.0819,-0.0116,-0.0462,-0.3779,0.2121,-0.1652,-0.5059,-0.9138,1.0636,0.0895,0.951,0.2959,-0.5338,0.2967,-0.7919,-0.8408,-0.0871,0.5342,-0.2543,-0.4102,0.5357,0.6929,"Andando","Med",102.0587,35.5128,93.988,113.356,-677.6458,-9.7141,17.1975,-44.7167
-0.3734,0.7543,-0.5373,-0.0816,-0.0342,-0.0138,-0.3958,0.1365,-0.1528,-0.5088,-0.9165,1.0587,0.091,0.9507,0.2965,-0.5305,0.2982,-0.7935,-0.8428,-0.0851,0.5315,-0.2556,-0.411,0.5344,0.6929,"Andando","Med",102.0587,35.5128,93.988,113.356,-677.6458,-9.6679,17.6775,-44.4232
-0.3439,0.7492,-0.5003,-0.0536,-0.0469,0.0218,-0.43,0.0858,-0.1451,-0.5124,-0.9193,1.0534,0.0922,0.9503,0.2973,-0.527,0.2999,-0.7952,-0.8449,-0.0833,0.5285,-0.2568,-0.4121,0.533,0.6929,"Andando","Med",102.0587,35.5128,93.988,113.356,-677.6458,-9.6679,17.6775,-44.4232
-0.3036,0.7579,-0.478,-0.013,-0.0411,0.0437,-0.4314,0.0498,-0.1516,-0.5164,-0.9221,1.0482,0.0932,0.9499,0.2983,-0.5235,0.3016,-0.7969,-0.8469,-0.0819,0.5254,-0.258,-0.4132,0.5317,0.6928,"Andando","Med",102.0587,35.5128,94.7208,113.3086,-677.2474,-9.2657,17.9543,-44.3577
-0.2727,0.7679,-0.462,0.0213,-0.0319,0.0575,-0.4237,-0.0136,-0.1481,-0.5211,-0.9248,1.043,0.0934,0.9495,0.2997,-0.5201,0.3032,-0.7985,-0.849,-0.0813,0.5221,-0.2589,-0.4147,0.5305,0.6926,"Andando","Med",102.0587,35.5128,94.7208,113.3086,-677.2474,-9.2657,17.9543,-44.3577
-0.2459,0.7732,-0.4399,0.0503,-0.0281,0.0728,-0.4169,-0.0947,-0.1455,-0.5264,-0.9274,1.0378,0.093,0.9489,0.3014,-0.5167,0.3048,-0.8001,-0.8511,-0.0813,0.5187,-0.2596,-0.4163,0.5293,0.6922,"Andando","Med",102.0587,35.5128,94.7208,113.3086,-677.2474,-9.6625,18.5374,-44.3163
-0.2274,0.7782,-0.4085,0.0733,-0.0237,0.1013,-0.3925,-0.1304,-0.139,-0.5316,-0.9297,1.0331,0.0925,0.9484,0.3032,-0.5137,0.3063,-0.8015,-0.853,-0.0816,0.5155,-0.2601,-0.4178,0.5284,0.6918,"Andando","Med",102.0587,35.5128,94.7208,113.3086,-677.2474,-9.6625,18.5374,-44.3163
-0.2232,0.7767,-0.3916,0.0815,-0.026,0.1192,-0.3567,-0.1414,-0.1287,-0.5363,-0.9318,1.0289,0.092,0.948,0.3047,-0.5109,0.3076,-0.8027,-0.8547,-0.0819,0.5126,-0.2606,-0.4192,0.5275,0.6914,"Andando","Med",102.0587,35.5128,94.6853,113.9781,-677.0419,-9.721,18.9318,-44.0415
-0.2237,0.7824,-0.3905,0.0815,-0.0234,0.1207,-0.3201,-0.1069,-0.1034,-0.5403,-0.9338,1.0252,0.0915,0.9476,0.3059,-0.5085,0.3086,-0.8039,-0.8562,-0.082,0.5101,-0.2612,-0.4204,0.5268,0.6911,"Andando","Med",102.0595,35.4441,94.6853,113.9781,-677.0419,-9.721,18.9318,-44.0415
-0.221,0.7912,-0.4104,0.0864,-0.0146,0.1025,-0.3026,-0.0939,-0.0812,-0.5439,-0.9356,1.0218,0.0912,0.9473,0.307,-0.5061,0.3096,-0.805,-0.8576,-0.082,0.5077,-0.2617,-0.4215,0.5261,0.6907,"Andando","Med",102.0595,35.4441,94.6853,113.9781,-677.0419,-9.9388,19.0989,-44.0328
-0.2207,0.7874,-0.4259,0.0869,-0.0173,0.0807,-0.2733,-0.084,-0.0851,-0.5473,-0.9371,1.0188,0.0907,0.947,0.3081,-0.5041,0.3105,-0.8059,-0.8588,-0.0822,0.5056,-0.262,-0.4225,0.5254,0.6904,"Andando","Med",102.0595,35.4441,94.6853,113.9781,-677.0419,-9.9388,19.0989,-44.0328
-0.2273,0.7936,-0.4185,0.0845,-0.0169,0.0827,-0.2358,-0.0903,-0.0794,-0.5502,-0.9383,1.0162,0.0903,0.9467,0.3091,-0.5025,0.3113,-0.8066,-0.8598,-0.0825,0.5039,-0.2623,-0.4234,0.5249,0.6902,"Andando","Med",102.0595,35.4441,94.4217,114.0137,-676.8057,-9.9645,19.1432,-43.75
-0.2427,0.824,-0.3979,0.0698,0.0106,0.1005,-0.1836,-0.0731,-0.0694,-0.5525,-0.9391,1.0142,0.0901,0.9465,0.3099,-0.5013,0.312,-0.8071,-0.8605,-0.0827,0.5026,-0.2624,-0.4241,0.5246,0.69,"Andando","Med",102.0595,35.4441,94.4217,114.0137,-676.8057,-9.9645,19.1432,-43.75
-0.2472,0.8458,-0.3869,0.0637,0.0358,0.1143,-0.1475,-0.049,-0.0662,-0.5545,-0.9397,1.0121,0.0901,0.9462,0.3107,-0.5004,0.3128,-0.8074,-0.8611,-0.0827,0.5016,-0.2626,-0.4246,0.5241,0.69,"Andando","Med",102.0595,35.4441,94.4217,114.0137,-676.8057,-10.159,19.4208,-43.7002
-0.2259,0.8441,-0.4094,0.0891,0.0354,0.0952,-0.0802,0.025,-0.1207,-0.5582,-0.9385,1.0058,0.0932,0.9452,0.313,-0.4991,0.3164,-0.8067,-0.8615,-0.0811,0.5013,-0.2625,-0.4248,0.5224,0.6912,"Andando","Med",102.0595,35.4441,94.4217,114.0137,-676.8057,-10.409,19.5549,-43.541
-0.2259,0.8441,-0.4094,0.0798,0.0436,0.0735,-0.0802,0.025,-0.1207,-0.5584,-0.9381,1.0048,0.0941,0.945,0.3133,-0.4992,0.3171,-0.8064,-0.8614,-0.0805,0.5015,-0.2624,-0.4247,0.5221,0.6915,"Andando","Med",102.0595,35.4441,94.5067,114.4806,-676.761,-10.5179,19.3081,-43.5941
-0.234,0.8515,-0.4334,0.0801,0.0439,0.0739,-0.0198,0.1991,-0.1907,-0.5584,-0.9375,1.0037,0.0954,0.9448,0.3136,-0.4991,0.3179,-0.8061,-0.8613,-0.0796,0.5019,-0.2625,-0.4245,0.5217,0.6919,"Andando","Med",102.0595,35.4441,94.5067,114.4806,-676.761,-10.5179,19.3081,-43.5941
-0.2244,0.8484,-0.4606,0.09,0.03,0.0213,-0.0198,0.1991,-0.1907,-0.5584,-0.9361,0.9997,0.0995,0.9441,0.3142,-0.4989,0.3205,-0.8052,-0.8609,-0.0766,0.5029,-0.2627,-0.4237,0.5203,0.6934,"Andando","Med",102.0595,35.4441,94.5067,114.4806,-676.761,-10.1322,19.2791,-43.6232
-0.2281,0.8324,-0.486,0.0902,0.0303,0.0215,-0.0596,0.2314,-0.1896,-0.5583,-0.9357,0.9983,0.101,0.9439,0.3143,-0.4987,0.3214,-0.805,-0.8609,-0.0755,0.5032,-0.2629,-0.4234,0.5198,0.6938,"Andando","Med",102.0595,35.4441,94.5067,114.4806,-676.761,-10.1322,19.2791,-43.6232
-0.2281,0.8324,-0.486,0.0673,0.0127,0.0079,-0.0596,0.2314,-0.1896,-0.5583,-0.9357,0.9969,0.1023,0.9438,0.3143,-0.4982,0.3221,-0.805,-0.861,-0.0742,0.5032,-0.2632,-0.4233,0.5193,0.6942,"Andando","Med",102.0595,35.4441,94.5303,114.6185,-676.6445,-10.1322,19.2791,-43.6232
-0.2496,0.8116,-0.4947,0.0675,0.0128,0.008,-0.0896,0.205,-0.1912,-0.5585,-0.9354,0.9952,0.1038,0.9436,0.3145,-0.4979,0.3231,-0.8048,-0.861,-0.073,0.5033,-0.2634,-0.4231,0.5188,0.6947,"Andando","Med",102.0595,35.4441,94.5303,114.6185,-676.6445,-9.8446,19.2365,-43.7659
-0.2552,0.7674,-0.4841,0.0612,-0.0281,0.0167,-0.0896,0.205,-0.1912,-0.5591,-0.9355,0.9921,0.1062,0.9432,0.3148,-0.4968,0.3246,-0.8049,-0.8613,-0.0709,0.5031,-0.2639,-0.4229,0.5178,0.6953,"Andando","Med",102.0595,35.4441,94.5303,114.6185,-676.6445,-9.8446,19.2365,-43.7659
-0.2737,0.7342,-0.4755,0.045,-0.0669,0.0255,-0.1181,0.192,-0.1659,-0.5596,-0.936,0.9889,0.1086,0.9429,0.3148,-0.4954,0.3259,-0.8052,-0.8618,-0.0685,0.5025,-0.2647,-0.4227,0.5167,0.6959,"Andando","Med",102.0595,35.4441,95.1511,114.976,-676.7954,-9.692,19.5521,-43.5622
-0.2833,0.7236,-0.4731,0.0319,-0.0804,0.0292,-0.1479,0.1852,-0.1363,-0.5599,-0.9369,0.9863,0.1106,0.9428,0.3146,-0.494,0.3268,-0.8057,-0.8624,-0.0663,0.5019,-0.2655,-0.4226,0.5159,0.6963,"Andando","Med",102.0595,35.4441,95.1511,114.976,-676.7954,-9.692,19.5521,-43.5622
-0.2751,0.7166,-0.472,0.0415,-0.0837,0.044,-0.1299,0.0957,-0.0757,-0.5605,-0.9392,0.9813,0.1142,0.9426,0.3139,-0.4908,0.3282,-0.8071,-0.8638,-0.0618,0.5001,-0.2674,-0.4225,0.5142,0.6969,"Andando","Med",102.0595,35.4441,95.1511,114.976,-676.7954,-9.5828,19.2153,-43.6465
-0.2715,0.7274,-0.452,0.0447,-0.0654,0.0609,-0.12,0.0667,-0.0679,-0.5609,-0.9399,0.9799,0.1151,0.9425,0.3138,-0.4899,0.3286,-0.8075,-0.8642,-0.0608,0.4995,-0.2678,-0.4225,0.5138,0.697,"Andando","Med",102.0595,35.4441,95.1511,114.976,-676.7954,-9.5423,19.3061,-43.926
-0.2778,0.7686,-0.4296,0.0361,-0.0508,0.0617,-0.1608,0.1413,-0.023,-0.5623,-0.9439,0.9722,0.12,0.9422,0.3128,-0.4847,0.3306,-0.8098,-0.8664,-0.0544,0.4963,-0.2707,-0.4226,0.5113,0.6977,"Andando","Med",102.0595,35.4441,94.852,115.7739,-676.883,-9.1379,19.018,-43.6328
-0.2768,0.757,-0.4357,0.0359,-0.0606,0.0598,-0.1425,0.1414,-0.0017,-0.5616,-0.9448,0.9714,0.1212,0.9423,0.312,-0.4838,0.3306,-0.8104,-0.8668,-0.0527,0.4959,-0.2714,-0.4223,0.5109,0.6978,"Andando","Med",102.0595,35.4441,94.852,115.7739,-676.883,-9.1379,19.018,-43.6328
-0.2756,0.748,-0.4352,0.0355,-0.0608,0.0597,-0.1119,0.1472,0.019,-0.5611,-0.9452,0.9711,0.1218,0.9424,0.3116,-0.4834,0.3305,-0.8106,-0.8669,-0.0519,0.4958,-0.2718,-0.4222,0.5108,0.6979,"Andando","Med",102.0595,35.4441,94.852,115.7739,-676.883,-9.1379,19.018,-43.6328
-0.2756,0.748,-0.4352,0.0383,-0.0707,0.0648,-0.1119,0.1472,0.019,-0.5604,-0.9456,0.971,0.1224,0.9425,0.3111,-0.4831,0.3304,-0.8108,-0.867,-0.0511,0.4957,-0.2721,-0.422,0.5106,0.6979,"Andando","Med",102.0595,35.4441,94.852,115.7739,-676.883,-8.9619,19.2051,-43.7357
-0.2721,0.7381,-0.4304,0.0377,-0.0709,0.0648,-0.0747,0.1617,0.0386,-0.5596,-0.9459,0.9711,0.1229,0.9426,0.3105,-0.4829,0.3302,-0.811,-0.867,-0.0503,0.4958,-0.2725,-0.4217,0.5106,0.698,"Andando","Med",102.0595,35.4441,94.7302,115.8866,-676.9283,-8.9619,19.2051,-43.7357
-0.2721,0.7381,-0.4304,0.0414,-0.0807,0.0625,-0.0747,0.1617,0.0386,-0.5586,-0.9462,0.9713,0.1235,0.9427,0.3099,-0.4828,0.3299,-0.8112,-0.867,-0.0494,0.4959,-0.2728,-0.4215,0.5105,0.6981,"Andando","Med",102.0595,35.4441,94.7302,115.8866,-676.9283,-8.9619,19.2051,-43.7357
-0.2721,0.7381,-0.4304,0.0414,-0.0807,0.0625,-0.0747,0.1617,0.0386,-0.5586,-0.9462,0.9713,0.1235,0.9427,0.3099,-0.4828,0.3299,-0.8112,-0.867,-0.0494,0.4959,-0.2728,-0.4215,0.5105,0.6981,"Andando","Med",102.0595,35.4441,94.7302,115.8866,-676.9283,-8.9619,19.2051,-43.7357
-0.2673,0.7289,-0.4354,0.0407,-0.0808,0.0626,-0.0515,0.1708,0.0585,-0.5575,-0.9465,0.9717,0.124,0.9429,0.3092,-0.4827,0.3296,-0.8114,-0.8669,-0.0486,0.496,-0.2731,-0.4212,0.5105,0.6982,"Andando","Med",102.0595,35.4441,94.7302,115.8866,-676.9283,-8.9619,19.2051,-43.7357
-0.2673,0.7289,-0.4354,0.0446,-0.0854,0.0473,-0.0515,0.1708,0.0585,-0.5563,-0.9468,0.9721,0.1246,0.943,0.3085,-0.4827,0.3293,-0.8116,-0.8669,-0.0478,0.4962,-0.2735,-0.4209,0.5105,0.6982,"Andando","Med",102.0595,35.4441,94.7302,115.8866,-676.9283,-8.9506,19.1959,-43.7538
-0.2638,0.7267,-0.4532,0.0439,-0.0855,0.0475,-0.0402,0.1579,0.0785,-0.5551,-0.9471,0.9727,0.1251,0.9432,0.3078,-0.4827,0.3289,-0.8117,-0.8668,-0.0471,0.4964,-0.2738,-0.4205,0.5105,0.6983,"Andando","Med",102.0595,35.4441,94.7302,115.8866,-676.9283,-8.9506,19.1959,-43.7538
-0.2638,0.7267,-0.4532,0.0383,-0.0778,0.026,-0.0402,0.1579,0.0785,-0.5538,-0.9474,0.9733,0.1255,0.9434,0.3071,-0.4827,0.3284,-0.8119,-0.8668,-0.0463,0.4966,-0.2741,-0.4202,0.5105,0.6983,"Andando","Med",102.0595,35.4441,94.7302,115.8866,-676.9283,-8.9506,19.1959,-43.7538
-0.2702,0.7363,-0.4745,0.0376,-0.078,0.0263,-0.0402,0.1579,0.0785,-0.5525,-0.9476,0.974,0.1258,0.9436,0.3063,-0.4827,0.328,-0.812,-0.8667,-0.0457,0.4968,-0.2744,-0.4199,0.5106,0.6983,"Andando","Med",102.0595,35.4441,94.7302,115.8866,-676.9283,-8.9506,19.1959,-43.7538
-0.2759,0.7434,-0.49,0.03,-0.0699,0.0096,-0.033,0.1414,0.0914,-0.5501,-0.9483,0.9755,0.1264,0.944,0.3048,-0.4828,0.327,-0.8124,-0.8666,-0.0445,0.4971,-0.2749,-0.4194,0.5108,0.6983,"Andando","Med",102.0595,35.4441,94.9236,116.0768,-676.6302,-8.8093,19.4375,-43.6959
-0.2928,0.7568,-0.5083,0.0164,-0.0614,-0.006,-0.04,0.1112,0.0991,-0.5477,-0.949,0.9772,0.1266,0.9444,0.3033,-0.4829,0.3258,-0.8128,-0.8665,-0.0435,0.4973,-0.2755,-0.4189,0.5111,0.6982,"Andando","Med",102.0595,35.4441,94.9236,116.0768,-676.6302,-8.8093,19.4375,-43.6959
-0.3222,0.7796,-0.5326,-0.0165,-0.0344,-0.0317,-0.0319,0.1149,0.1261,-0.5456,-0.9496,0.979,0.1266,0.9449,0.302,-0.483,0.3247,-0.8132,-0.8664,-0.0429,0.4975,-0.2759,-0.4185,0.5114,0.698,"Andando","Med",102.0595,35.4441,94.9236,116.0768,-676.6302,-8.5016,19.4956,-43.7463
-0.3761,0.9112,-0.5366,-0.0726,0.0893,-0.0415,-0.0243,0.0121,0.1052,-0.5412,-0.951,0.9846,0.1248,0.946,0.2993,-0.4839,0.3214,-0.814,-0.8662,-0.0432,0.4979,-0.2764,-0.4179,0.5128,0.6971,"Andando","Med",102.0595,35.4441,94.9236,116.0768,-676.6302,-8.4065,19.3046,-43.8892
-0.3642,0.8505,-0.5387,-0.0721,0.0476,-0.0461,0.0434,0.0125,-0.0599,-0.5414,-0.9499,0.9848,0.1247,0.9458,0.2998,-0.4847,0.3217,-0.8134,-0.8657,-0.0439,0.4986,-0.2759,-0.4179,0.5129,0.6973,"Andando","Med",102.0595,35.4441,95.0986,116.0829,-676.6786,-8.7093,19.2881,-43.7556
-0.3642,0.8505,-0.5387,-0.0474,0.0274,0.0066,0.0434,0.0125,-0.0599,-0.5411,-0.9492,0.9849,0.125,0.9457,0.3,-0.4852,0.322,-0.8129,-0.8654,-0.0439,0.4991,-0.2756,-0.4177,0.5129,0.6975,"Andando","Med",102.0595,35.4441,95.0986,116.0829,-676.6786,-8.7093,19.2881,-43.7556
-0.349,0.8465,-0.4791,-0.0474,0.0279,0.0073,0.1309,0.1235,-0.0719,-0.5405,-0.9484,0.9851,0.1255,0.9456,0.3,-0.4858,0.3223,-0.8125,-0.865,-0.0437,0.4999,-0.2754,-0.4174,0.5129,0.6978,"Andando","Med",102.0595,35.4441,95.0986,116.0829,-676.6786,-8.4694,19.269,-43.8643
-0.349,0.8465,-0.4791,-0.0598,0.052,0.0608,0.1309,0.1235,-0.0719,-0.5397,-0.9474,0.9854,0.1262,0.9455,0.3,-0.4866,0.3226,-0.8119,-0.8645,-0.0435,0.5008,-0.2752,-0.417,0.5128,0.6981,"Andando","Med",102.0595,35.4441,95.0986,116.0829,-676.6786,-8.4694,19.269,-43.8643
-0.3619,0.8607,-0.4373,-0.0599,0.0526,0.0616,0.1342,0.0889,-0.0665,-0.5389,-0.9465,0.9857,0.1268,0.9455,0.3,-0.4873,0.3228,-0.8114,-0.864,-0.0433,0.5017,-0.2749,-0.4166,0.5128,0.6985,"Andando","Med",102.0595,35.4441,95.0986,116.0829,-676.6786,-8.4694,19.269,-43.8643
-0.3619,0.8607,-0.4373,-0.0658,0.01,0.0484,0.1342,0.0889,-0.0665,-0.5385,-0.9454,0.986,0.1273,0.9453,0.3002,-0.4881,0.3232,-0.8108,-0.8635,-0.0433,0.5026,-0.2746,-0.4163,0.5129,0.6987,"Andando","Med",102.0595,35.4441,95.0986,116.0829,-676.6786,-8.4694,19.269,-43.8643
-0.3597,0.7536,-0.4789,-0.0675,-0.0797,0.0251,0.1667,0.049,0.0203,-0.5351,-0.9419,0.989,0.1281,0.9453,0.3,-0.4914,0.3232,-0.8087,-0.8614,-0.0438,0.506,-0.2734,-0.4151,0.5135,0.6995,"Andando","Med",102.0595,35.4441,95.0986,116.0829,-676.6786,-8.5722,19.4565,-44.0248
-0.3732,0.7287,-0.482,-0.0867,-0.0758,0.0289,0.2281,0.0984,0.0358,-0.5321,-0.94,0.9919,0.1285,0.9455,0.2992,-0.4937,0.3227,-0.8075,-0.8601,-0.0439,0.5083,-0.2727,-0.4141,0.5141,0.6999,"Andando","Med",102.0595,35.4441,95.263,115.5315,-676.7439,-8.4271,19.1998,-43.9496
-0.3814,0.7288,-0.477,-0.0873,-0.0752,0.0302,0.2281,0.0984,0.0358,-0.5301,-0.9388,0.9937,0.1288,0.9456,0.2987,-0.495,0.3223,-0.8069,-0.8593,-0.0439,0.5096,-0.2724,-0.4135,0.5144,0.7001,"Andando","Med",102.0595,35.4441,95.263,115.5315,-676.7439,-8.4271,19.1998,-43.9496
-0.3355,0.7209,-0.473,-0.0472,-0.0868,0.041,0.2702,0.1105,0.0686,-0.5262,-0.9367,0.9974,0.1292,0.9459,0.2975,-0.4977,0.3214,-0.8056,-0.8577,-0.044,0.5123,-0.2718,-0.4123,0.5152,0.7005,"Andando","Med",102.0595,35.4441,95.263,115.5315,-676.7439,-8.4037,18.7757,-44.1586
-0.3355,0.7209,-0.473,-0.013,-0.0632,0.0193,0.2567,0.1126,0.0991,-0.5243,-0.9357,0.9992,0.1294,0.9461,0.297,-0.4989,0.3209,-0.805,-0.8569,-0.044,0.5136,-0.2715,-0.4117,0.5156,0.7007,"Andando","Med",102.0595,35.4441,95.263,115.5315,-676.7439,-8.4037,18.7757,-44.1586
-0.3069,0.747,-0.5014,-0.0094,-0.0436,-0.0125,0.2335,0.1015,0.1172,-0.5203,-0.9341,1.0032,0.1294,0.9465,0.2956,-0.5013,0.3196,-0.8041,-0.8555,-0.0442,0.5159,-0.2711,-0.4106,0.5164,0.7009,"Andando","Med",102.0595,35.4441,95.4786,114.7402,-676.8681,-8.4967,18.8073,-44.218
-0.306,0.762,-0.5341,-0.0102,-0.0432,-0.0114,0.2136,0.0829,0.1206,-0.5183,-0.9333,1.0052,0.1294,0.9467,0.2949,-0.5025,0.319,-0.8036,-0.8548,-0.0442,0.517,-0.2709,-0.41,0.5169,0.701,"Andando","Med",102.0595,35.4441,95.4786,114.7402,-676.8681,-8.4967,18.8073,-44.218
-0.306,0.762,-0.5341,-0.0116,-0.0438,-0.0321,0.2136,0.0829,0.1206,-0.5168,-0.9328,1.0068,0.1293,0.9469,0.2943,-0.5034,0.3184,-0.8033,-0.8543,-0.0443,0.5178,-0.2707,-0.4097,0.5172,0.701,"Andando","Med",102.0595,35.4441,95.4786,114.7402,-676.8681,-8.4967,18.8073,-44.218
-0.3034,0.7569,-0.5512,0.0094,-0.0599,-0.0289,0.1938,0.0702,0.1387,-0.5134,-0.9316,1.0107,0.1289,0.9474,0.293,-0.5054,0.317,-0.8026,-0.8532,-0.0447,0.5197,-0.2703,-0.4088,0.5181,0.701,"Andando","Med",102.0595,35.4441,95.4786,114.7402,-676.8681,-8.4479,18.4726,-44.3078
-0.2779,0.7398,-0.547,0.0306,-0.0662,-0.0222,0.1938,0.0702,0.1387,-0.5099,-0.9306,1.0148,0.1282,0.9479,0.2915,-0.5074,0.3153,-0.802,-0.8521,-0.0451,0.5214,-0.27,-0.4079,0.5191,0.7009,"Andando","Med",102.0595,35.4441,95.6456,114.2102,-677.2433,-8.4479,18.4726,-44.3078
-0.273,0.7378,-0.5383,-0.0073,-0.0708,0.0028,0.1986,0.0355,0.22,-0.5025,-0.9285,1.0239,0.1264,0.9491,0.2885,-0.5116,0.3115,-0.8007,-0.8499,-0.0464,0.525,-0.2692,-0.4062,0.5213,0.7005,"Andando","Med",102.0595,35.4441,95.6456,114.2102,-677.2433,-7.9764,18.3608,-44.5424
-0.3021,0.7274,-0.5183,-0.0084,-0.0705,0.0039,0.2279,0.0497,0.2376,-0.5,-0.928,1.0267,0.126,0.9495,0.2874,-0.5129,0.3103,-0.8004,-0.8492,-0.0466,0.526,-0.2691,-0.4057,0.522,0.7004,"Andando","Med",102.0595,35.4441,95.6456,114.2102,-677.2433,-7.9764,18.3608,-44.5424
-0.3021,0.7274,-0.5183,-0.0381,-0.0748,0.0145,0.2279,0.0497,0.2376,-0.4982,-0.9272,1.0289,0.1255,0.9498,0.2867,-0.5141,0.3095,-0.8,-0.8485,-0.047,0.5271,-0.2688,-0.4052,0.5225,0.7004,"Andando","Med",102.0595,35.4441,95.6456,114.2102,-677.2433,-8.0431,18.4158,-44.4537
-0.3274,0.7268,-0.5134,-0.0392,-0.0744,0.0156,0.2449,0.0379,0.2443,-0.4956,-0.9266,1.0319,0.125,0.9502,0.2856,-0.5154,0.3082,-0.7996,-0.8478,-0.0472,0.5283,-0.2686,-0.4046,0.5232,0.7003,"Andando","Med",102.0595,35.4441,96.2325,113.538,-677.4896,-8.0431,18.4158,-44.4537
-0.3156,0.7502,-0.5171,-0.036,-0.0555,0.0133,0.2449,0.0379,0.2443,-0.4907,-0.9254,1.0378,0.1239,0.9509,0.2835,-0.5181,0.3056,-0.7988,-0.8463,-0.0479,0.5306,-0.2682,-0.4035,0.5247,0.7,"Andando","Med",102.0595,35.4441,96.2325,113.538,-677.4896,-8.0431,18.4158,-44.4537
-0.3078,0.7878,-0.5119,-0.0264,-0.0174,0.019,0.2506,0.008,0.2418,-0.4861,-0.924,1.0438,0.1224,0.9517,0.2815,-0.5209,0.3031,-0.798,-0.8448,-0.0489,0.5328,-0.2676,-0.4024,0.5261,0.6997,"Andando","Med",102.0595,35.4441,96.2325,113.538,-677.4896,-8.1855,18.3602,-44.2857
-0.3089,0.8209,-0.5006,-0.0291,0.0167,0.0324,0.2505,-0.0027,0.2331,-0.4816,-0.9227,1.0494,0.1212,0.9524,0.2797,-0.5235,0.3007,-0.7972,-0.8434,-0.0497,0.535,-0.2672,-0.4014,0.5275,0.6995,"Andando","Med",102.0595,35.4441,96.2325,113.538,-677.4896,-8.1855,18.3602,-44.2857
-0.3067,0.8577,-0.5008,-0.0299,0.0545,0.0379,0.2262,0.026,0.2168,-0.4773,-0.9216,1.0544,0.1204,0.9531,0.2777,-0.5257,0.2985,-0.7966,-0.8421,-0.0501,0.537,-0.2669,-0.4004,0.5287,0.6993,"Andando","Med",102.0595,35.4441,96.4048,113.4274,-677.3308,-8.2407,18.2592,-44.4087
-0.2994,0.8813,-0.5156,-0.0254,0.0808,0.0262,0.17,0.0612,0.1943,-0.4734,-0.921,1.0585,0.1199,0.9537,0.2758,-0.5273,0.2966,-0.7962,-0.8411,-0.05,0.5385,-0.2668,-0.3994,0.5296,0.6991,"Andando","Med",102.0595,35.4441,96.4048,113.4274,-677.3308,-8.1301,18.205,-44.628
