Timestamp,accelX(g),accelY(g),accelZ(g),accelUserX(g),accelUserY(g),accelUserZ(g),gyroX(rad/s),gyroY(rad/s),gyroZ(rad/s),Roll(rads),Pitch(rads),Yaw(rads),m11,m12,m13,m21,m22,m23,m31,m32,m33,qX,qY,qZ,qW,ActivityType,ActivityConfidence,Pressure(kilopascals),RelativeAltitude(meters),magX(µT),magY(µT),magZ(µT),calMagX(µT),calMagY(µT),calMagZ(µT)
12-Aug-2023 12:11:55.657,-0.0581,-0.4989,-0.8257, 0.0241,-0.0093, 0.0414, 0.0987,-0.0165,-0.0208,-0.0957, 0.5093,-1.3614, 0.1613,-0.9834, 0.0834, 0.8540, 0.1815, 0.4875,-0.4946,-0.0074, 0.8691,-0.1664, 0.1943, 0.6177,-0.7436,Unknown,Low, 100.8427, 1.3899,-102.5326, 316.7209,-437.3290, 4.0352, 1.5812,-37.1916
12-Aug-2023 12:11:55.757,-0.0749,-0.4917,-0.8451, 0.0095, 0.0040, 0.0244, 0.0801,-0.0172, 0.0406,-0.0969, 0.5182,-1.3533, 0.1680,-0.9822, 0.0840, 0.8482, 0.1875, 0.4954,-0.5023,-0.0120, 0.8646,-0.1702, 0.1967, 0.6142,-0.7450,Unknown,Low, 100.8427, 1.3899,-102.4904, 316.0641,-437.4435, 3.8205, 0.9901,-37.1526
12-Aug-2023 12:11:55.858,-0.0831,-0.4887,-0.8455, 0.0017, 0.0017, 0.0227,-0.1333,-0.0966,-0.0158,-0.0991, 0.5143,-1.3522, 0.1683,-0.9820, 0.0861, 0.8499, 0.1888, 0.4920,-0.4994,-0.0096, 0.8663,-0.1682, 0.1963, 0.6143,-0.7456,Unknown,Low, 100.8427, 1.3899,-102.5967, 316.7222,-437.6386, 3.9130, 1.2287,-37.2098
12-Aug-2023 12:11:55.958,-0.0933,-0.4978,-0.8456,-0.0086,-0.0099, 0.0246,-0.0636, 0.0199,-0.0480,-0.0974, 0.5108,-1.3543, 0.1674,-0.9822, 0.0848, 0.8520, 0.1874, 0.4889,-0.4961,-0.0096, 0.8682,-0.1672, 0.1948, 0.6151,-0.7455,Unknown,Low, 100.8427, 1.3899,-102.4269, 316.6501,-437.6223, 3.9130, 1.2648,-37.0507
12-Aug-2023 12:11:56.059,-0.0859,-0.4860,-0.8594, 0.0029,-0.0020, 0.0099,-0.0510, 0.0171, 0.0057,-0.0992, 0.5063,-1.3529, 0.1682,-0.9819, 0.0866, 0.8539, 0.1891, 0.4850,-0.4926,-0.0076, 0.8702,-0.1650, 0.1940, 0.6150,-0.7462,Unknown,Low, 100.8427, 1.3899,-102.3210, 316.7872,-437.3430, 3.9524, 1.4551,-36.8557
12-Aug-2023 12:11:56.159,-0.0719,-0.4942,-0.8617, 0.0109,-0.0114, 0.0120,-0.0708, 0.0375,-0.0044,-0.0956, 0.5019,-1.3552, 0.1681,-0.9822, 0.0837, 0.8564, 0.1875, 0.4811,-0.4882,-0.0092, 0.8727,-0.1642, 0.1915, 0.6158,-0.7464,Unknown,Low, 100.8413, 1.5114,-102.3987, 316.9571,-437.4040, 4.3851, 1.7576,-36.9255
12-Aug-2023 12:11:56.260,-0.0663,-0.4825,-0.8826, 0.0149,-0.0075,-0.0083,-0.1202, 0.0285,-0.0015,-0.0927, 0.4957,-1.3565, 0.1688,-0.9823, 0.0814, 0.8595, 0.1871, 0.4756,-0.4824,-0.0103, 0.8759,-0.1626, 0.1887, 0.6164,-0.7470,Unknown,Low, 100.8413, 1.5114,-102.1946, 317.0560,-437.4522, 4.5041, 1.9821,-36.8216
12-Aug-2023 12:11:56.360,-0.0718,-0.4789,-0.8832, 0.0069,-0.0053,-0.0069,-0.0405, 0.0482,-0.0046,-0.0886, 0.4942,-1.3541, 0.1731,-0.9818, 0.0779, 0.8598, 0.1892, 0.4743,-0.4805,-0.0151, 0.8769,-0.1635, 0.1866, 0.6153,-0.7482,Unknown,Low, 100.8413, 1.5114,-102.3605, 317.1846,-437.2636, 4.4811, 2.1869,-36.9413
12-Aug-2023 12:11:56.461,-0.0772,-0.4666,-0.8828, 0.0009, 0.0059,-0.0067,-0.0535, 0.0199, 0.0287,-0.0885, 0.4928,-1.3506, 0.1767,-0.9812, 0.0778, 0.8598, 0.1924, 0.4731,-0.4791,-0.0167, 0.8776,-0.1634, 0.1858, 0.6141,-0.7495,Unknown,Low, 100.8413, 1.5114,-102.0129, 317.4369,-437.4356, 4.4075, 2.2526,-37.0559
12-Aug-2023 12:11:56.561,-0.0702,-0.4620,-0.8606, 0.0076, 0.0106, 0.0146,-0.0624, 0.0173, 0.0265,-0.0883, 0.4910,-1.3507, 0.1768,-0.9812, 0.0778, 0.8606, 0.1925, 0.4715,-0.4776,-0.0165, 0.8784,-0.1627, 0.1852, 0.6142,-0.7496,Unknown,Low, 100.8413, 1.5114,-101.8008, 317.3394,-436.8254, 4.3351, 2.0466,-36.9189
12-Aug-2023 12:11:56.662,-0.0622,-0.4725,-0.8829, 0.0096,-0.0035,-0.0039, 0.0016, 0.0418,-0.0373,-0.0822, 0.4901,-1.3536, 0.1771,-0.9815, 0.0724, 0.8616, 0.1901, 0.4707,-0.4758,-0.0209, 0.8793,-0.1640, 0.1829, 0.6148,-0.7494,Unknown,Low, 100.8413, 1.5114,-101.9958, 317.4938,-437.3019, 4.6715, 2.3197,-36.8637
12-Aug-2023 12:11:56.762,-0.0747,-0.4686,-0.8675,-0.0033, 0.0005, 0.0101,-0.0614, 0.0391,-0.0103,-0.0808, 0.4879,-1.3567, 0.1748,-0.9820, 0.0713, 0.8631, 0.1877, 0.4688,-0.4737,-0.0204, 0.8804,-0.1633, 0.1820, 0.6160,-0.7488,Unknown,Low, 100.8413, 1.5114,-101.4610, 317.4107,-437.4966, 4.6380, 2.4141,-36.9376
12-Aug-2023 12:11:56.863,-0.0832,-0.5462,-0.9839,-0.0237,-0.0508,-0.1012, 0.1220, 0.1859, 0.0731,-0.0645, 0.5198,-1.3320, 0.2050,-0.9772, 0.0559, 0.8433, 0.2053, 0.4967,-0.4968,-0.0547, 0.8661,-0.1827, 0.1832, 0.6033,-0.7544,Unknown,Low, 100.8413, 1.5114,-101.2924, 316.6219,-437.2975, 5.9213, 1.0360,-36.7551
12-Aug-2023 12:11:56.963,-0.2503,-0.6419,-0.8807,-0.1372,-0.1219,-0.0016,-0.9601,-1.3311,-0.0131,-0.1146, 0.5208,-1.3722, 0.1402,-0.9851, 0.0992, 0.8504, 0.1711, 0.4976,-0.5071, 0.0146, 0.8617,-0.1638, 0.2056, 0.6226,-0.7371,Unknown,Low, 100.8413, 1.5114,-104.1036, 316.5497,-437.7812, 2.7071, 1.6850,-37.1052
12-Aug-2023 12:11:57.064,-0.0753,-0.5147,-0.8987, 0.0249,-0.0032,-0.0536, 0.2448, 0.7046, 0.2613,-0.1099, 0.5343,-1.3705, 0.1430,-0.9852, 0.0944, 0.8434, 0.1712, 0.5093,-0.5179, 0.0068, 0.8554,-0.1706, 0.2078, 0.6207,-0.7365,Unknown,Low, 100.8413, 1.5114,-103.1967, 315.6076,-437.5317, 3.1181, 0.7801,-37.1268
12-Aug-2023 12:11:57.164,-0.0908,-0.4776,-0.8832, 0.0099, 0.0193,-0.0271,-0.2390,-0.4860,-0.0852,-0.1204, 0.5267,-1.3674, 0.1414,-0.9845, 0.1038, 0.8466, 0.1746, 0.5027,-0.5130, 0.0168, 0.8582,-0.1647, 0.2092, 0.6209,-0.7373,Unknown,Low, 100.8390, 1.7017,-103.9219, 316.1643,-437.7611, 2.7715, 1.0284,-37.2859
12-Aug-2023 12:11:57.265,-0.0336,-0.4879,-0.8380, 0.0250, 0.0089, 0.0252, 0.0251, 0.1745,-0.1099,-0.0708, 0.5197,-1.3636, 0.1708,-0.9834, 0.0614, 0.8494, 0.1785, 0.4966,-0.4993,-0.0327, 0.8658,-0.1778, 0.1884, 0.6157,-0.7442,Unknown,Low, 100.8390, 1.7017,-102.1282, 316.2745,-437.6693, 4.4986, 1.0908,-36.9542
12-Aug-2023 12:11:57.366, 0.0258,-0.4150,-0.8165, 0.0444, 0.0413, 0.0646,-0.2187, 1.5623, 0.0004,-0.0198, 0.4841,-1.3430, 0.2168,-0.9761, 0.0175, 0.8622, 0.1999, 0.4654,-0.4578,-0.0858, 0.8849,-0.1817, 0.1566, 0.6059,-0.7586,Unknown,Low, 100.8390, 1.7017,-98.6442, 317.0807,-436.8654, 7.9730, 2.4549,-36.4244
12-Aug-2023 12:11:57.466,-0.0874,-0.4070,-0.8009, 0.0025, 0.0341, 0.0846, 0.0478, 0.0602,-0.2286,-0.0877, 0.4599,-1.2931, 0.2357,-0.9686, 0.0785, 0.8617, 0.2457, 0.4439,-0.4493,-0.0370, 0.8926,-0.1560, 0.1713, 0.5940,-0.7704,Unknown,Low, 100.8390, 1.7017,-99.8001, 317.9819,-436.8728, 5.9716, 3.0959,-36.6018
12-Aug-2023 12:11:57.567,-0.0762,-0.4230,-0.8908,-0.0150, 0.0654,-0.0183, 0.0401, 0.0840, 0.7343,-0.0761, 0.5063,-1.2486, 0.2807,-0.9575, 0.0665, 0.8296, 0.2769, 0.4849,-0.4827,-0.0810, 0.8720,-0.1815, 0.1762, 0.5732,-0.7794,Unknown,Low, 100.8390, 1.7017,-99.0410, 316.1966,-437.1547, 7.5620, 1.0821,-36.5257
12-Aug-2023 12:11:57.667,-0.0616,-0.5224,-0.8392,-0.0236,-0.0301, 0.0234, 0.5823, 0.6011,-0.2610,-0.0433, 0.5234,-1.2500, 0.2945,-0.9549, 0.0375, 0.8219, 0.2731, 0.4999,-0.4876,-0.1164, 0.8653,-0.1975, 0.1683, 0.5696,-0.7799,Unknown,Low, 100.8390, 1.7017,-97.4069, 314.7407,-436.7485, 8.8516,-0.0378,-36.3054
12-Aug-2023 12:11:57.768,-0.0435,-0.4833,-0.9378, 0.0069,-0.0277,-0.0545,-0.3749,-0.1237, 0.0945,-0.0620, 0.4806,-1.2468, 0.2906,-0.9553, 0.0549, 0.8406, 0.2823, 0.4623,-0.4571,-0.0882, 0.8850,-0.1756, 0.1633, 0.5728,-0.7839,Unknown,Low, 100.8390, 1.7017,-98.3452, 316.3285,-436.7885, 8.0516, 1.3954,-36.3510
12-Aug-2023 12:11:57.868,-0.0847,-0.4704,-0.8185,-0.0332,-0.0153, 0.0735,-0.4477,-0.1224, 0.2021,-0.0628, 0.4625,-1.2347, 0.3027,-0.9514, 0.0562, 0.8449, 0.2952, 0.4461,-0.4411,-0.0876, 0.8932,-0.1691, 0.1575, 0.5691,-0.7892,Unknown,Low, 100.8390, 1.7017,-98.4357, 317.4092,-436.6418, 7.8879, 2.2589,-36.4800
12-Aug-2023 12:11:57.968,-0.0051,-0.4433,-0.8781, 0.0218, 0.0326,-0.0001, 0.2616, 0.8227, 0.2499,-0.0275, 0.4841,-1.2346, 0.3177,-0.9479, 0.0244, 0.8355, 0.2920, 0.4654,-0.4483,-0.1275, 0.8847,-0.1877, 0.1496, 0.5646,-0.7897,Unknown,Low, 100.8390, 1.7017,-96.6712, 316.5553,-436.3876, 9.8737, 1.3914,-35.9455
12-Aug-2023 12:11:58.069,-0.0163,-0.4742,-0.8717, 0.0049,-0.0423, 0.0326,-0.3548,-0.2913,-0.3785,-0.0206, 0.4476,-1.2427, 0.3137,-0.9493, 0.0186, 0.8534, 0.2905, 0.4328,-0.4163,-0.1199, 0.9013,-0.1746, 0.1374, 0.5694,-0.7914,Unknown,Low, 100.8390, 1.7017,-96.6799, 317.8939,-436.5671, 9.9353, 2.8871,-35.9965
12-Aug-2023 12:11:58.170,-0.0518,-0.3143,-0.9942,-0.0349, 0.0738,-0.0654,-0.0361, 0.4946, 0.2033,-0.0207, 0.4304,-1.1819, 0.3711,-0.9284, 0.0188, 0.8410, 0.3446, 0.4172,-0.3938,-0.1390, 0.9086,-0.1717, 0.1273, 0.5461,-0.8100,Unknown,Low, 100.8390, 1.7017,-96.0088, 317.9087,-436.2640, 10.9805, 2.9789,-35.3948
12-Aug-2023 12:11:58.270, 0.0249,-0.4020,-0.8819, 0.0410, 0.0064, 0.0340,-0.6916, 0.0429, 0.3864,-0.0267, 0.4191,-1.1555, 0.3933,-0.9191, 0.0244, 0.8358, 0.3685, 0.4069,-0.3830,-0.1397, 0.9131,-0.1671, 0.1245, 0.5365,-0.8178,Unknown,Low, 100.8390, 1.7017,-95.4417, 319.2233,-435.6394, 11.2741, 3.7892,-35.4839
12-Aug-2023 12:11:58.371,-0.1033,-0.3271,-0.7559,-0.0581, 0.0815, 0.1308, 0.8096, 0.6658, 0.1242,-0.0485, 0.4444,-1.1351, 0.4027,-0.9143, 0.0437, 0.8185, 0.3811, 0.4299,-0.4098,-0.1373, 0.9018,-0.1731, 0.1384, 0.5287,-0.8194,Unknown,Low, 100.8390, 1.7017,-95.7826, 317.4203,-436.1534, 11.0600, 2.0948,-35.6187
12-Aug-2023 12:11:58.471,-0.0639,-0.5405,-0.6517,-0.0179,-0.0372, 0.2081, 0.9266, 0.3871,-0.3463,-0.0506, 0.4815,-1.1484, 0.3881,-0.9205, 0.0448, 0.8084, 0.3634, 0.4631,-0.4426,-0.1435, 0.8852,-0.1868, 0.1501, 0.5324,-0.8119,Unknown,Low, 100.8390, 1.7017,-95.3169, 315.3488,-436.0311, 10.8088, 0.7451,-35.7349
12-Aug-2023 12:11:58.571,-0.0178,-0.4820,-0.9003, 0.0433,-0.0064,-0.0279, 0.6179,-0.3042,-0.0211,-0.0604, 0.5091,-1.1363, 0.3935,-0.9178, 0.0527, 0.7920, 0.3676, 0.4874,-0.4667,-0.1501, 0.8716,-0.1964, 0.1600, 0.5269,-0.8113,Unknown,Low, 100.8390, 1.7017,-95.6516, 314.5599,-436.0843, 10.6963,-0.6356,-35.7439
12-Aug-2023 12:11:58.673,-0.0890,-0.4479,-0.8854,-0.0050, 0.0048, 0.0115,-0.4744, 0.0361,-0.1279,-0.0927, 0.4677,-1.1423, 0.3758,-0.9230, 0.0826, 0.8119, 0.3709, 0.4508,-0.4467,-0.1023, 0.8888,-0.1704, 0.1630, 0.5343,-0.8117,Unknown,Low, 100.8390, 1.7017,-97.2260, 315.6666,-436.7945, 9.2530, 0.8843,-36.3185
12-Aug-2023 12:11:58.773,-0.0577,-0.4612,-0.9296,-0.0042,-0.0347,-0.0372,-0.1959, 0.1506,-0.0150,-0.0653, 0.4446,-1.1695, 0.3639,-0.9296, 0.0589, 0.8311, 0.3526, 0.4301,-0.4206,-0.1076, 0.9008,-0.1662, 0.1482, 0.5441,-0.8089,Unknown,Low, 100.8390, 1.7017,-97.1052, 317.2561,-436.3850, 9.8935, 2.2507,-35.9792
12-Aug-2023 12:11:58.874,-0.0567,-0.4465,-0.8735,-0.0036, 0.0044, 0.0206, 0.2529, 0.2124,-0.1104,-0.0560, 0.4631,-1.1681, 0.3683,-0.9284, 0.0501, 0.8231, 0.3506, 0.4468,-0.4323,-0.1233, 0.8933,-0.1763, 0.1492, 0.5418,-0.8081,Unknown,Low, 100.8390, 1.7017,-96.3914, 316.7902,-436.4036, 10.1721, 1.5366,-35.9000
12-Aug-2023 12:11:58.973,-0.0214,-0.4725,-0.9263, 0.0137,-0.0145,-0.0389,-0.0394,-0.1613,-0.0596,-0.0406, 0.4749,-1.1796, 0.3639,-0.9308, 0.0361, 0.8221, 0.3391, 0.4572,-0.4378,-0.1367, 0.8886,-0.1845, 0.1472, 0.5444,-0.8049,Unknown,Low, 100.8390, 1.7017,-96.1412, 316.2180,-436.0324, 10.5795, 1.0482,-35.7583
12-Aug-2023 12:11:59.074,-0.0394,-0.4648,-0.8865, 0.0025,-0.0034,-0.0039, 0.0839,-0.0334,-0.0234,-0.0470, 0.4820,-1.1854, 0.3553,-0.9338, 0.0416, 0.8211, 0.3331, 0.4635,-0.4467,-0.1306, 0.8851,-0.1852, 0.1522, 0.5470,-0.8021,Unknown,Low, 100.8392, 1.6884,-96.3379, 316.4681,-436.4452, 10.1409, 0.9611,-35.7944
12-Aug-2023 12:11:59.174,-0.0285,-0.4929,-0.8890, 0.0132,-0.0213,-0.0040, 0.0657,-0.0036,-0.0342,-0.0470, 0.4869,-1.1932, 0.3478,-0.9366, 0.0415, 0.8215, 0.3258, 0.4679,-0.4518,-0.1286, 0.8828,-0.1865, 0.1543, 0.5498,-0.7994,Unknown,Low, 100.8392, 1.6884,-96.5169, 315.7410,-436.4190, 10.2018, 0.7254,-35.9990
12-Aug-2023 12:11:59.275,-0.0337,-0.4970,-0.8672, 0.0220,-0.0169, 0.0179,-0.1732,-0.1386,-0.1062,-0.0572, 0.4861,-1.1928, 0.3437,-0.9377, 0.0505, 0.8217, 0.3263, 0.4672,-0.4546,-0.1190, 0.8827,-0.1835, 0.1581, 0.5506,-0.7989,Unknown,Low, 100.8392, 1.6884,-96.9275, 315.6335,-436.6388, 9.4438, 0.5394,-36.1215
12-Aug-2023 12:11:59.376,-0.0649,-0.4263,-0.8074,-0.0107, 0.0361, 0.0719, 0.1829, 0.1472,-0.0590,-0.0663, 0.4805,-1.1982, 0.3347,-0.9405, 0.0588, 0.8259, 0.3228, 0.4622,-0.4537,-0.1061, 0.8848,-0.1782, 0.1607, 0.5539,-0.7972,Unknown,Low, 100.8392, 1.6884,-97.3841, 315.9549,-436.5401, 9.2084, 1.2808,-36.2023
12-Aug-2023 12:11:59.476,-0.0277,-0.4621,-0.8801,-0.0045, 0.0399,-0.0208, 0.3303, 0.2852,-0.1854,-0.0247, 0.5268,-1.2048, 0.3462,-0.9379, 0.0214, 0.8072, 0.3094, 0.5028,-0.4782,-0.1568, 0.8641,-0.2078, 0.1574, 0.5497,-0.7937,Unknown,Low, 100.8392, 1.6884,-95.9715, 315.0109,-436.4239, 10.4760,-0.2868,-36.0429
12-Aug-2023 12:11:59.577,-0.0073,-0.4916,-0.9461, 0.0064, 0.0105,-0.0826,-0.4687,-0.4143,-0.0708,-0.0131, 0.5252,-1.2198, 0.3376,-0.9412, 0.0113, 0.8125, 0.2975, 0.5014,-0.4753,-0.1601, 0.8651,-0.2092, 0.1539, 0.5545,-0.7906,Unknown,Low, 100.8392, 1.6884,-95.2710, 314.2874,-436.4119, 10.9310,-0.5712,-35.8420
12-Aug-2023 12:11:59.834,-0.0312,-0.4797,-0.8872, 0.0383, 0.0298,-0.0206, 0.0592,-0.1660,-0.1839,-0.0385, 0.4971,-1.2646, 0.2837,-0.9583, 0.0338, 0.8381, 0.2649, 0.4769,-0.4660,-0.1070, 0.8783,-0.1874, 0.1604, 0.5766,-0.7789,Unknown,Low, 100.8392, 1.6884,-97.6918, 316.5978,-436.6631, 8.6294, 1.5018,-36.3500
12-Aug-2023 12:11:59.837,-0.0312,-0.4797,-0.8872, 0.0640,-0.0376, 0.0490, 0.0592,-0.1660,-0.1839,-0.0372, 0.4971,-1.2657, 0.2833,-0.9585, 0.0327, 0.8384, 0.2641, 0.4769,-0.4657,-0.1077, 0.8784,-0.1877, 0.1600, 0.5769,-0.7787,Unknown,Low, 100.8392, 1.6884,-97.6918, 316.5978,-436.6631, 8.6294, 1.5018,-36.3500
12-Aug-2023 12:11:59.878,-0.0277,-0.4637,-0.7587, 0.0071, 0.0120, 0.0959,-0.2797, 0.4771,-0.2048,-0.0288, 0.4901,-1.2732, 0.2801,-0.9596, 0.0254, 0.8435, 0.2587, 0.4707,-0.4583,-0.1104, 0.8819,-0.1867, 0.1554, 0.5795,-0.7779,Unknown,Low, 100.8392, 1.6884,-97.8322, 316.3898,-436.7908, 8.8366, 1.5656,-36.3849
12-Aug-2023 12:11:59.979, 0.0558,-0.3248,-0.6972, 0.0525, 0.1121, 0.1875,-0.0384,-0.1409,-0.2463, 0.0110, 0.4965,-1.2923, 0.2799,-0.9600,-0.0097, 0.8454, 0.2417, 0.4763,-0.4549,-0.1415, 0.8792,-0.1994, 0.1437, 0.5826,-0.7747,Unknown,Low, 100.8408, 1.5510,-96.0330, 317.1076,-436.1949, 10.0099, 1.8611,-35.9882
12-Aug-2023 12:12:00.079, 0.0786,-0.4520,-0.7297, 0.0327, 0.0354, 0.2016,-0.0573, 0.1841,-0.3626, 0.0358, 0.4978,-1.3147, 0.2696,-0.9624,-0.0315, 0.8500, 0.2225, 0.4775,-0.4526,-0.1555, 0.8781,-0.2056, 0.1368, 0.5886,-0.7698,Unknown,Low, 100.8408, 1.5510,-96.0431, 316.9433,-436.3716, 10.5854, 1.8980,-35.9103
12-Aug-2023 12:12:00.180, 0.0847,-0.3264,-0.7062, 0.0610, 0.0730, 0.1669, 0.2558, 0.5815, 0.3270, 0.0301, 0.4632,-1.3390, 0.2427,-0.9697,-0.0269, 0.8707, 0.2055, 0.4468,-0.4278,-0.1319, 0.8942,-0.1891, 0.1309, 0.6013,-0.7652,Unknown,Low, 100.8408, 1.5510,-96.8752, 318.5386,-436.3268, 9.6001, 3.2041,-35.8557
12-Aug-2023 12:12:46.574, 0.2383,-0.2434,-0.8890, 0.0610, 0.0730, 0.1669,-0.6077,-0.2557, 0.1543, 0.0301, 0.4632,-1.3390, 0.2427,-0.9697,-0.0269, 0.8707, 0.2055, 0.4468,-0.4278,-0.1319, 0.8942,-0.1891, 0.1309, 0.6013,-0.7652,Unknown,Low, 100.8408, 1.5510,-88.4061, 331.3897,-431.9233, 9.6001, 3.2041,-35.8557
12-Aug-2023 12:12:46.580, 0.2383,-0.2434,-0.8890, 0.0610, 0.0730, 0.1669,-0.6077,-0.2557, 0.1543, 0.0301, 0.4632,-1.3390, 0.2427,-0.9697,-0.0269, 0.8707, 0.2055, 0.4468,-0.4278,-0.1319, 0.8942,-0.1891, 0.1309, 0.6013,-0.7652,Unknown,Low, 100.8408, 1.5510,-88.4061, 331.3897,-431.9233, 9.6001, 3.2041,-35.8557
12-Aug-2023 12:12:46.584, 0.2383,-0.2434,-0.8890, 0.0610, 0.0730, 0.1669,-0.6077,-0.2557, 0.1543, 0.0301, 0.4632,-1.3390, 0.2427,-0.9697,-0.0269, 0.8707, 0.2055, 0.4468,-0.4278,-0.1319, 0.8942,-0.1891, 0.1309, 0.6013,-0.7652,Unknown,Low, 100.8408, 1.5510,-88.4061, 331.3897,-431.9233, 9.6001, 3.2041,-35.8557
12-Aug-2023 12:12:46.589, 0.2383,-0.2434,-0.8890, 0.0610, 0.0730, 0.1669,-0.6077,-0.2557, 0.1543, 0.0301, 0.4632,-1.3390, 0.2427,-0.9697,-0.0269, 0.8707, 0.2055, 0.4468,-0.4278,-0.1319, 0.8942,-0.1891, 0.1309, 0.6013,-0.7652,Unknown,Low, 100.8408, 1.5510,-88.4061, 331.3897,-431.9233, 9.6001, 3.2041,-35.8557
12-Aug-2023 12:12:46.595, 0.2383,-0.2434,-0.8890, 0.0610, 0.0730, 0.1669,-0.6077,-0.2557, 0.1543, 0.0301, 0.4632,-1.3390, 0.2427,-0.9697,-0.0269, 0.8707, 0.2055, 0.4468,-0.4278,-0.1319, 0.8942,-0.1891, 0.1309, 0.6013,-0.7652,Unknown,Low, 100.8408, 1.5510,-88.4061, 331.3897,-431.9233, 9.6001, 3.2041,-35.8557
12-Aug-2023 12:12:46.598, 0.2383,-0.2434,-0.8890, 0.0610, 0.0730, 0.1669,-0.6077,-0.2557, 0.1543, 0.0301, 0.4632,-1.3390, 0.2427,-0.9697,-0.0269, 0.8707, 0.2055, 0.4468,-0.4278,-0.1319, 0.8942,-0.1891, 0.1309, 0.6013,-0.7652,Unknown,Low, 100.8408, 1.5510,-88.8401, 332.2903,-431.9247, 9.6001, 3.2041,-35.8557
12-Aug-2023 12:12:46.604, 0.2383,-0.2434,-0.8890, 0.0610, 0.0730, 0.1669,-0.6077,-0.2557, 0.1543, 0.0301, 0.4632,-1.3390, 0.2427,-0.9697,-0.0269, 0.8707, 0.2055, 0.4468,-0.4278,-0.1319, 0.8942,-0.1891, 0.1309, 0.6013,-0.7652,Unknown,Low, 100.8413, 1.5088,-88.8401, 332.2903,-431.9247, 9.6001, 3.2041,-35.8557
12-Aug-2023 12:12:46.641, 0.2383,-0.2434,-0.8890, 0.0610, 0.0730, 0.1669,-0.6077,-0.2557, 0.1543, 0.0301, 0.4632,-1.3390, 0.2427,-0.9697,-0.0269, 0.8707, 0.2055, 0.4468,-0.4278,-0.1319, 0.8942,-0.1891, 0.1309, 0.6013,-0.7652,Unknown,Low, 100.8413, 1.5088,-88.9252, 333.1253,-431.6523, 9.6001, 3.2041,-35.8557
12-Aug-2023 12:12:46.645, 0.2383,-0.2434,-0.8890, 0.0610, 0.0730, 0.1669,-0.6077,-0.2557, 0.1543, 0.0301, 0.4632,-1.3390, 0.2427,-0.9697,-0.0269, 0.8707, 0.2055, 0.4468,-0.4278,-0.1319, 0.8942,-0.1891, 0.1309, 0.6013,-0.7652,Unknown,Low, 100.8413, 1.5088,-88.9252, 333.1253,-431.6523, 9.6001, 3.2041,-35.8557
12-Aug-2023 12:12:46.650, 0.2383,-0.2434,-0.8890, 0.0610, 0.0730, 0.1669,-0.6077,-0.2557, 0.1543, 0.0301, 0.4632,-1.3390, 0.2427,-0.9697,-0.0269, 0.8707, 0.2055, 0.4468,-0.4278,-0.1319, 0.8942,-0.1891, 0.1309, 0.6013,-0.7652,Unknown,Low, 100.8413, 1.5088,-88.9252, 333.1253,-431.6523, 9.6001, 3.2041,-35.8557
12-Aug-2023 12:12:46.654, 0.2383,-0.2434,-0.8890, 0.0610, 0.0730, 0.1669,-0.6077,-0.2557, 0.1543, 0.0301, 0.4632,-1.3390, 0.2427,-0.9697,-0.0269, 0.8707, 0.2055, 0.4468,-0.4278,-0.1319, 0.8942,-0.1891, 0.1309, 0.6013,-0.7652,Unknown,Low, 100.8413, 1.5088,-88.9252, 333.1253,-431.6523, 9.6001, 3.2041,-35.8557
12-Aug-2023 12:12:46.658, 0.2383,-0.2434,-0.8890, 0.0610, 0.0730, 0.1669,-0.6077,-0.2557, 0.1543, 0.0301, 0.4632,-1.3390, 0.2427,-0.9697,-0.0269, 0.8707, 0.2055, 0.4468,-0.4278,-0.1319, 0.8942,-0.1891, 0.1309, 0.6013,-0.7652,Unknown,Low, 100.8413, 1.5088,-88.9252, 333.1253,-431.6523, 9.6001, 3.2041,-35.8557
12-Aug-2023 12:12:46.661, 0.2383,-0.2434,-0.8890, 0.0610, 0.0730, 0.1669,-0.6077,-0.2557, 0.1543, 0.0301, 0.4632,-1.3390, 0.2427,-0.9697,-0.0269, 0.8707, 0.2055, 0.4468,-0.4278,-0.1319, 0.8942,-0.1891, 0.1309, 0.6013,-0.7652,Unknown,Low, 100.8413, 1.5088,-88.9252, 333.1253,-431.6523, 9.6001, 3.2041,-35.8557
12-Aug-2023 12:12:46.665, 0.2106,-0.1315,-0.9362, 0.0610, 0.0730, 0.1669,-0.6077,-0.2557, 0.1543, 0.0301, 0.4632,-1.3390, 0.2427,-0.9697,-0.0269, 0.8707, 0.2055, 0.4468,-0.4278,-0.1319, 0.8942,-0.1891, 0.1309, 0.6013,-0.7652,Unknown,Low, 100.8413, 1.5088,-88.9252, 333.1253,-431.6523, 9.6001, 3.2041,-35.8557
12-Aug-2023 12:12:46.669, 0.2106,-0.1315,-0.9362, 0.0610, 0.0730, 0.1669,-0.6077,-0.2557, 0.1543, 0.0301, 0.4632,-1.3390, 0.2427,-0.9697,-0.0269, 0.8707, 0.2055, 0.4468,-0.4278,-0.1319, 0.8942,-0.1891, 0.1309, 0.6013,-0.7652,Unknown,Low, 100.8413, 1.5088,-88.9252, 333.1253,-431.6523, 9.6001, 3.2041,-35.8557
12-Aug-2023 12:12:46.683, 0.2106,-0.1315,-0.9362,-0.0375, 0.1191,-0.0115,-0.5427,-0.0050, 0.1684, 0.2506, 0.2045,-1.1951, 0.4023,-0.8827,-0.2428, 0.9109, 0.3593, 0.2031,-0.0920,-0.3028, 0.9486, 0.1537, 0.0458,-0.5448, 0.8231,Unknown,Low, 100.8413, 1.5088,-88.8788, 333.5212,-431.1246, 17.7185, 18.9097,-30.6439
12-Aug-2023 12:12:46.685, 0.2106,-0.1315,-0.9362,-0.0375, 0.1191,-0.0115,-0.5427,-0.0050, 0.1684, 0.2506, 0.2045,-1.1951, 0.4023,-0.8827,-0.2428, 0.9109, 0.3593, 0.2031,-0.0920,-0.3028, 0.9486, 0.1537, 0.0458,-0.5448, 0.8231,Unknown,Low, 100.8414, 1.5035,-88.8788, 333.5212,-431.1246, 17.7185, 18.9097,-30.6439
12-Aug-2023 12:12:46.689, 0.2106,-0.1315,-0.9362,-0.0335, 0.1231,-0.0486,-0.5427,-0.0050, 0.1684, 0.2503, 0.2026,-1.1939, 0.4029,-0.8825,-0.2426, 0.9108, 0.3605, 0.2012,-0.0901,-0.3021, 0.9490, 0.1528, 0.0463,-0.5444, 0.8235,Unknown,Low, 100.8414, 1.5035,-88.8788, 333.5212,-431.1246, 17.7185, 18.9097,-30.6439
12-Aug-2023 12:12:46.693, 0.2106,-0.1315,-0.9362,-0.0335, 0.1216,-0.0482,-0.5427,-0.0050, 0.1684, 0.2503, 0.2009,-1.1928, 0.4035,-0.8822,-0.2427, 0.9107, 0.3616, 0.1996,-0.0883,-0.3016, 0.9493, 0.1521, 0.0468,-0.5441, 0.8238,Unknown,Low, 100.8414, 1.5035,-88.8788, 333.5212,-431.1246, 17.7185, 18.9097,-30.6439
12-Aug-2023 12:12:46.696, 0.2106,-0.1315,-0.9362,-0.0236, 0.1155,-0.0616,-0.5427,-0.0050, 0.1684, 0.2506, 0.1998,-1.1920, 0.4040,-0.8819,-0.2430, 0.9106, 0.3625, 0.1984,-0.0869,-0.3015, 0.9495, 0.1517, 0.0474,-0.5438, 0.8240,Unknown,Low, 100.8414, 1.5035,-88.8788, 333.5212,-431.1246, 17.6145, 19.0001,-30.4237
12-Aug-2023 12:12:46.700, 0.2106,-0.1315,-0.9362,-0.0241, 0.1147,-0.0615,-0.5427,-0.0050, 0.1684, 0.2510, 0.1990,-1.1913, 0.4045,-0.8815,-0.2435, 0.9105, 0.3632, 0.1977,-0.0858,-0.3017, 0.9495, 0.1515, 0.0478,-0.5436, 0.8242,Unknown,Low, 100.8414, 1.5035,-88.8788, 333.5212,-431.1246, 17.6145, 19.0001,-30.4237
12-Aug-2023 12:12:46.705, 0.2106,-0.1315,-0.9362,-0.0241, 0.1147,-0.0615,-0.5427,-0.0050, 0.1684, 0.2510, 0.1990,-1.1913, 0.4045,-0.8815,-0.2435, 0.9105, 0.3632, 0.1977,-0.0858,-0.3017, 0.9495, 0.1515, 0.0478,-0.5436, 0.8242,Unknown,Low, 100.8414, 1.5035,-88.8788, 333.5212,-431.1246, 17.6145, 19.0001,-30.4237
12-Aug-2023 12:12:46.708, 0.2106,-0.1315,-0.9362,-0.0393, 0.1252,-0.0522,-0.5427,-0.0050, 0.1684, 0.2514, 0.1984,-1.1908, 0.4048,-0.8813,-0.2439, 0.9104, 0.3637, 0.1971,-0.0850,-0.3019, 0.9495, 0.1513, 0.0482,-0.5434, 0.8243,Unknown,Low, 100.8414, 1.5035,-88.8788, 333.5212,-431.1246, 17.6145, 19.0001,-30.4237
12-Aug-2023 12:12:46.712, 0.2106,-0.1315,-0.9362,-0.0397, 0.1247,-0.0523,-0.5427,-0.0050, 0.1684, 0.2519, 0.1980,-1.1904, 0.4051,-0.8810,-0.2443, 0.9104, 0.3641, 0.1967,-0.0843,-0.3021, 0.9495, 0.1513, 0.0485,-0.5432, 0.8244,Unknown,Low, 100.8414, 1.5035,-88.8788, 333.5212,-431.1246, 17.6145, 19.0001,-30.4237
12-Aug-2023 12:12:46.716, 0.2106,-0.1315,-0.9362,-0.0397, 0.1247,-0.0523,-0.5427,-0.0050, 0.1684, 0.2519, 0.1980,-1.1904, 0.4051,-0.8810,-0.2443, 0.9104, 0.3641, 0.1967,-0.0843,-0.3021, 0.9495, 0.1513, 0.0485,-0.5432, 0.8244,Unknown,Low, 100.8414, 1.5035,-88.7262, 334.2183,-430.8801, 17.6145, 19.0001,-30.4237
12-Aug-2023 12:12:46.719, 0.2106,-0.1315,-0.9362,-0.0310, 0.0927,-0.0801,-0.5427,-0.0050, 0.1684, 0.2523, 0.1975,-1.1900, 0.4054,-0.8808,-0.2448, 0.9103, 0.3644, 0.1962,-0.0836,-0.3023, 0.9495, 0.1512, 0.0489,-0.5431, 0.8245,Unknown,Low, 100.8415, 1.4982,-88.7262, 334.2183,-430.8801, 17.7005, 19.2848,-30.3677
12-Aug-2023 12:12:46.722, 0.2106,-0.1315,-0.9362,-0.0314, 0.0921,-0.0801,-0.5427,-0.0050, 0.1684, 0.2527, 0.1970,-1.1896, 0.4056,-0.8806,-0.2452, 0.9103, 0.3648, 0.1957,-0.0829,-0.3025, 0.9495, 0.1510, 0.0492,-0.5429, 0.8246,Unknown,Low, 100.8415, 1.4982,-88.7262, 334.2183,-430.8801, 17.7005, 19.2848,-30.3677
12-Aug-2023 12:12:46.727, 0.2106,-0.1315,-0.9362,-0.0261, 0.0830,-0.1091,-0.5427,-0.0050, 0.1684, 0.2530, 0.1964,-1.1892, 0.4059,-0.8803,-0.2455, 0.9102, 0.3652, 0.1952,-0.0822,-0.3026, 0.9496, 0.1509, 0.0495,-0.5428, 0.8247,Unknown,Low, 100.8415, 1.4982,-88.7262, 334.2183,-430.8801, 17.7005, 19.2848,-30.3677
12-Aug-2023 12:12:46.730, 0.2106,-0.1315,-0.9362,-0.0263, 0.0825,-0.1090,-0.5427,-0.0050, 0.1684, 0.2531, 0.1960,-1.1887, 0.4062,-0.8801,-0.2457, 0.9101, 0.3657, 0.1947,-0.0815,-0.3027, 0.9496, 0.1507, 0.0497,-0.5426, 0.8249,Unknown,Low, 100.8415, 1.4982,-88.7262, 334.2183,-430.8801, 17.7005, 19.2848,-30.3677
12-Aug-2023 12:12:46.735, 0.2106,-0.1315,-0.9362,-0.0263, 0.0825,-0.1090,-0.5427,-0.0050, 0.1684, 0.2531, 0.1960,-1.1887, 0.4062,-0.8801,-0.2457, 0.9101, 0.3657, 0.1947,-0.0815,-0.3027, 0.9496, 0.1507, 0.0497,-0.5426, 0.8249,Unknown,Low, 100.8415, 1.4982,-88.7262, 334.2183,-430.8801, 17.7005, 19.2848,-30.3677
12-Aug-2023 12:12:46.740, 0.2106,-0.1315,-0.9362,-0.0414, 0.0841,-0.1108,-0.5427,-0.0050, 0.1684, 0.2535, 0.1954,-1.1877, 0.4070,-0.8797,-0.2460, 0.9099, 0.3667, 0.1941,-0.0806,-0.3028, 0.9496, 0.1506, 0.0501,-0.5422, 0.8251,Unknown,Low, 100.8415, 1.4982,-88.7262, 334.2183,-430.8801, 17.9522, 19.3083,-30.3513
12-Aug-2023 12:12:46.743, 0.2106,-0.1315,-0.9362,-0.0414, 0.0841,-0.1108,-0.5427,-0.0050, 0.1684, 0.2535, 0.1954,-1.1877, 0.4070,-0.8797,-0.2460, 0.9099, 0.3667, 0.1941,-0.0806,-0.3028, 0.9496, 0.1506, 0.0501,-0.5422, 0.8251,Unknown,Low, 100.8415, 1.4982,-88.7262, 334.2183,-430.8801, 17.9522, 19.3083,-30.3513
12-Aug-2023 12:12:46.748, 0.2106,-0.1315,-0.9362,-0.0386, 0.0838,-0.0986,-0.5427,-0.0050, 0.1684, 0.2538, 0.1953,-1.1873, 0.4074,-0.8794,-0.2463, 0.9097, 0.3671, 0.1941,-0.0802,-0.3031, 0.9496, 0.1506, 0.0503,-0.5420, 0.8252,Unknown,Low, 100.8415, 1.4982,-88.7262, 334.2183,-430.8801, 17.9522, 19.3083,-30.3513
12-Aug-2023 12:12:46.752, 0.2106,-0.1315,-0.9362,-0.0390, 0.0839,-0.0988,-0.5427,-0.0050, 0.1684, 0.2543, 0.1954,-1.1868, 0.4078,-0.8791,-0.2467, 0.9095, 0.3675, 0.1941,-0.0800,-0.3036, 0.9494, 0.1508, 0.0505,-0.5418, 0.8253,Unknown,Low, 100.8415, 1.4982,-88.8871, 334.0768,-430.6015, 17.9522, 19.3083,-30.3513
12-Aug-2023 12:12:46.757, 0.2106,-0.1315,-0.9362,-0.0379, 0.0817,-0.0933,-0.5427,-0.0050, 0.1684, 0.2548, 0.1956,-1.1865, 0.4082,-0.8788,-0.2472, 0.9094, 0.3678, 0.1943,-0.0798,-0.3042, 0.9493, 0.1510, 0.0507,-0.5416, 0.8254,Unknown,Low, 100.8415, 1.4982,-88.8871, 334.0768,-430.6015, 17.8321, 19.2683,-30.0462
12-Aug-2023 12:12:46.760, 0.2106,-0.1315,-0.9362,-0.0379, 0.0817,-0.0933,-0.5427,-0.0050, 0.1684, 0.2548, 0.1956,-1.1865, 0.4082,-0.8788,-0.2472, 0.9094, 0.3678, 0.1943,-0.0798,-0.3042, 0.9493, 0.1510, 0.0507,-0.5416, 0.8254,Unknown,Low, 100.8450, 1.2049,-88.8871, 334.0768,-430.6015, 17.8321, 19.2683,-30.0462
12-Aug-2023 12:12:46.764, 0.2017,-0.1132,-1.0563,-0.0383, 0.0818,-0.0935,-0.5427,-0.0050, 0.1684, 0.2552, 0.1958,-1.1862, 0.4086,-0.8785,-0.2477, 0.9092, 0.3681, 0.1945,-0.0797,-0.3047, 0.9491, 0.1512, 0.0509,-0.5414, 0.8255,Unknown,Low, 100.8450, 1.2049,-88.8871, 334.0768,-430.6015, 17.8321, 19.2683,-30.0462
12-Aug-2023 12:12:46.767, 0.2017,-0.1132,-1.0563,-0.0486, 0.0844,-0.1130,-0.5427,-0.0050, 0.1684, 0.2555, 0.1959,-1.1859, 0.4089,-0.8783,-0.2479, 0.9091, 0.3683, 0.1946,-0.0796,-0.3050, 0.9490, 0.1513, 0.0510,-0.5413, 0.8256,Unknown,Low, 100.8450, 1.2049,-88.8871, 334.0768,-430.6015, 17.8321, 19.2683,-30.0462
12-Aug-2023 12:12:46.783, 0.2017,-0.1132,-1.0563,-0.0534, 0.1098,-0.1432,-0.0279, 0.0101,-0.0167, 0.2558, 0.1959,-1.1860, 0.4088,-0.8782,-0.2481, 0.9092, 0.3682, 0.1947,-0.0796,-0.3052, 0.9490, 0.1514, 0.0510,-0.5413, 0.8255,Unknown,Low, 100.8450, 1.2049,-88.8871, 334.0768,-430.6015, 18.1216, 19.2233,-30.1452
12-Aug-2023 12:12:46.788, 0.2017,-0.1132,-1.0563,-0.0471, 0.1196,-0.1456,-0.0279, 0.0101,-0.0167, 0.2558, 0.1959,-1.1866, 0.4083,-0.8785,-0.2482, 0.9093, 0.3677, 0.1947,-0.0798,-0.3052, 0.9490, 0.1514, 0.0510,-0.5415, 0.8254,Unknown,Low, 100.8450, 1.2049,-88.8871, 334.0768,-430.6015, 18.1216, 19.2233,-30.1452
12-Aug-2023 12:12:46.792, 0.2017,-0.1132,-1.0563,-0.0470, 0.1197,-0.1456,-0.0279, 0.0101,-0.0167, 0.2557, 0.1960,-1.1872, 0.4077,-0.8787,-0.2481, 0.9096, 0.3671, 0.1948,-0.0801,-0.3051, 0.9490, 0.1514, 0.0509,-0.5418, 0.8252,Unknown,Low, 100.8450, 1.2049,-88.4010, 334.2691,-430.5449, 18.1083, 19.2944,-30.1336
12-Aug-2023 12:12:46.796, 0.2017,-0.1132,-1.0563,-0.0356, 0.0909,-0.1278,-0.0279, 0.0101,-0.0167, 0.2555, 0.1961,-1.1879, 0.4071,-0.8791,-0.2479, 0.9098, 0.3664, 0.1948,-0.0804,-0.3049, 0.9490, 0.1514, 0.0507,-0.5421, 0.8250,Unknown,Low, 100.8450, 1.2049,-88.4010, 334.2691,-430.5449, 18.1083, 19.2944,-30.1336
12-Aug-2023 12:12:46.800, 0.2017,-0.1132,-1.0563,-0.0356, 0.0909,-0.1278,-0.0279, 0.0101,-0.0167, 0.2555, 0.1961,-1.1879, 0.4071,-0.8791,-0.2479, 0.9098, 0.3664, 0.1948,-0.0804,-0.3049, 0.9490, 0.1514, 0.0507,-0.5421, 0.8250,Unknown,Low, 100.8450, 1.2049,-88.4010, 334.2691,-430.5449, 18.1083, 19.2944,-30.1336
12-Aug-2023 12:12:46.805, 0.2017,-0.1132,-1.0563,-0.0352, 0.0910,-0.1277,-0.0279, 0.0101,-0.0167, 0.2551, 0.1962,-1.1886, 0.4065,-0.8795,-0.2475, 0.9100, 0.3658, 0.1949,-0.0809,-0.3045, 0.9491, 0.1514, 0.0505,-0.5424, 0.8248,Unknown,Low, 100.8450, 1.2049,-88.4010, 334.2691,-430.5449, 18.1083, 19.2944,-30.1336
12-Aug-2023 12:12:46.809, 0.2017,-0.1132,-1.0563,-0.0337, 0.0570,-0.1336,-0.0279, 0.0101,-0.0167, 0.2545, 0.1961,-1.1891, 0.4060,-0.8799,-0.2469, 0.9103, 0.3653, 0.1949,-0.0813,-0.3039, 0.9492, 0.1512, 0.0502,-0.5427, 0.8247,Unknown,Low, 100.8450, 1.2049,-88.4010, 334.2691,-430.5449, 18.1083, 19.2944,-30.1336
12-Aug-2023 12:12:46.813, 0.2017,-0.1132,-1.0563,-0.0329, 0.0569,-0.1334,-0.0279, 0.0101,-0.0167, 0.2536, 0.1960,-1.1895, 0.4055,-0.8803,-0.2461, 0.9104, 0.3650, 0.1947,-0.0816,-0.3030, 0.9495, 0.1509, 0.0499,-0.5429, 0.8246,Unknown,Low, 100.8450, 1.2049,-88.4010, 334.2691,-430.5449, 18.2754, 19.3580,-30.1591
12-Aug-2023 12:12:46.863, 0.1717,-0.1406,-0.9899,-0.0097,-0.0336,-0.0299,-0.0279, 0.0101,-0.0167, 0.1871, 0.1075,-1.1800, 0.3927,-0.9009,-0.1850, 0.9193, 0.3787, 0.1073,-0.0266,-0.2122, 0.9769, 0.0963, 0.0478,-0.5490, 0.8289,Unknown,Low, 100.8450, 1.2049,-88.7112, 334.5614,-430.5376, 17.5160, 19.2863,-30.5291
12-Aug-2023 12:12:46.963, 0.1892,-0.1072,-0.9555, 0.0214,-0.0003, 0.0211,-0.0842,-0.0764, 0.0697, 0.1756, 0.1201,-1.1664, 0.4067,-0.8969,-0.1735, 0.9127, 0.3907, 0.1198,-0.0397,-0.2071, 0.9775, 0.0981, 0.0402,-0.5432, 0.8329,Unknown,Low, 100.8450, 1.2049,-89.2618, 334.8177,-430.5187, 17.3991, 19.4291,-30.2813
12-Aug-2023 12:12:47.064, 0.1930,-0.0592,-0.8640, 0.0184, 0.0575, 0.1101, 0.0260,-0.0103, 0.1305, 0.1776, 0.1270,-1.1644, 0.4096,-0.8953,-0.1752, 0.9112, 0.3921, 0.1266,-0.0446,-0.2115, 0.9764, 0.1014, 0.0392,-0.5419, 0.8334,Unknown,Low, 100.8450, 1.2049,-89.3196, 334.1005,-431.2132, 17.2154, 18.7426,-30.7979
12-Aug-2023 12:12:47.164, 0.1531,-0.1426,-0.9412,-0.0240,-0.0279, 0.0268, 0.0914, 0.1004,-0.0127, 0.1829, 0.1100,-1.1667, 0.4050,-0.8963,-0.1808, 0.9139, 0.3908, 0.1097,-0.0277,-0.2097, 0.9774, 0.0959, 0.0460,-0.5435, 0.8326,Unknown,Low, 100.8450, 1.2049,-89.1148, 334.4772,-431.0842, 17.0939, 19.1996,-30.5135
12-Aug-2023 12:12:47.265, 0.2050,-0.0484,-0.9577, 0.0321, 0.0287, 0.0615,-0.3240,-0.0626, 0.0462, 0.1776, 0.0921,-1.1600, 0.4080,-0.8959,-0.1760, 0.9129, 0.3977, 0.0920,-0.0124,-0.1982, 0.9801, 0.0869, 0.0490,-0.5419, 0.8345,Unknown,Low, 100.8450, 1.2049,-89.1568, 335.5632,-430.5066, 17.1683, 20.4084,-30.1519
12-Aug-2023 12:12:47.365, 0.1585,-0.0326,-0.9736,-0.0197, 0.0551, 0.0167,-0.1705,-0.0452, 0.0007, 0.1811, 0.0852,-1.1557, 0.4107,-0.8939,-0.1795, 0.9117, 0.4019, 0.0851,-0.0039,-0.1986, 0.9801, 0.0849, 0.0525,-0.5403, 0.8356,Unknown,Low, 100.8450, 1.2049,-89.6147, 335.2894,-430.2869, 17.0353, 20.5046,-30.0000
12-Aug-2023 12:12:47.466, 0.1638,-0.0477,-0.9880,-0.0043, 0.0204,-0.0028,-0.0097,-0.0842,-0.0553, 0.1761, 0.0779,-1.1600, 0.4056,-0.8972,-0.1747, 0.9140, 0.3981, 0.0778,-0.0003,-0.1912, 0.9815, 0.0806, 0.0523,-0.5426, 0.8345,Unknown,Low, 100.8450, 1.2049,-89.5009, 335.9644,-430.6640, 16.7374, 20.5130,-30.0802
12-Aug-2023 12:12:47.566, 0.1692,-0.0627,-0.9875, 0.0065, 0.0101,-0.0034,-0.0147,-0.0168,-0.0746, 0.1728, 0.0662,-1.1624, 0.4016,-0.8996,-0.1716, 0.9158, 0.3962, 0.0662, 0.0085,-0.1837, 0.9829, 0.0749, 0.0540,-0.5443, 0.8338,Unknown,Low, 100.8450, 1.2049,-89.6964, 335.6326,-430.4685, 16.5761, 20.4682,-30.1071
12-Aug-2023 12:12:47.667, 0.1658,-0.0390,-0.9675, 0.0045, 0.0050, 0.0172,-0.2026,-0.1074,-0.0444, 0.1634, 0.0481,-1.1594, 0.4017,-0.9012,-0.1625, 0.9155, 0.3994, 0.0481, 0.0216,-0.1681, 0.9855, 0.0647, 0.0551,-0.5442, 0.8347,Unknown,Low, 100.8415, 1.4929,-90.0987, 336.4636,-430.2023, 16.1263, 21.6168,-29.5953
12-Aug-2023 12:12:47.767, 0.1508,-0.0045,-1.0358,-0.0199, 0.0028,-0.0392,-0.3173,-0.0342,-0.0025, 0.1700, 0.0160,-1.1489, 0.4061,-0.8981,-0.1691, 0.9122, 0.4095, 0.0160, 0.0549,-0.1608, 0.9855, 0.0528, 0.0669,-0.5408, 0.8368,Unknown,Low, 100.8415, 1.4929,-90.1469, 337.7042,-429.3437, 16.5414, 22.7856,-28.8617
12-Aug-2023 12:12:47.868, 0.1558,-0.0368,-0.9584,-0.0113,-0.0215, 0.0253,-0.2728, 0.0299,-0.0072, 0.1641, 0.0099,-1.1491, 0.4053,-0.8995,-0.1634, 0.9123, 0.4093, 0.0099, 0.0579,-0.1531, 0.9865, 0.0487, 0.0661,-0.5413, 0.8368,Unknown,Low, 100.8415, 1.4929,-89.8348, 338.2881,-428.9069, 16.5768, 22.9293,-28.5653
12-Aug-2023 12:12:47.968, 0.1420,-0.0533,-0.9880,-0.0290,-0.0082,-0.0073, 0.1573, 0.1993, 0.1322, 0.1782, 0.0237,-1.1476, 0.4080,-0.8956,-0.1772, 0.9115, 0.4106, 0.0237, 0.0515,-0.1712, 0.9839, 0.0582, 0.0683,-0.5398, 0.8370,Unknown,Low, 100.8415, 1.4929,-89.5123, 337.7679,-429.2496, 16.9719, 22.3190,-28.7549
12-Aug-2023 12:12:48.069, 0.0083,-0.0735,-1.1890,-0.1997,-0.0678,-0.2286,-0.2935, 0.6019, 0.0215, 0.2217, 0.0083,-1.1528, 0.3977,-0.8908,-0.2199, 0.9139, 0.4059, 0.0083, 0.0819,-0.2043, 0.9755, 0.0637, 0.0905,-0.5413, 0.8335,Unknown,Low, 100.8415, 1.4929,-87.9092, 338.1841,-428.0402, 18.4626, 23.2207,-27.7084
12-Aug-2023 12:12:48.169, 0.1666,-0.0832,-0.9528,-0.0347, 0.0046, 0.0333, 0.8550,-0.4040,-0.7431, 0.1896, 0.0905,-1.2619, 0.3147,-0.9304,-0.1877, 0.9488, 0.3027, 0.0904,-0.0273,-0.2065, 0.9781, 0.0921, 0.0498,-0.5832, 0.8055,Unknown,Low, 100.8415, 1.4929,-90.2154, 336.9332,-430.1155, 15.3581, 21.1474,-30.3831
12-Aug-2023 12:12:48.270, 0.2938,-0.0544,-0.7722, 0.1439, 0.1952, 0.1897, 1.0894,-0.2878,-0.2199, 0.1513, 0.2131,-1.2982, 0.2968,-0.9435,-0.1473, 0.9413, 0.2631, 0.2115,-0.1608,-0.2014, 0.9662, 0.1299,-0.0042,-0.5929, 0.7947,Unknown,Low, 100.8415, 1.4929,-93.2202, 333.0060,-433.7285, 13.0375, 17.3996,-33.4595
12-Aug-2023 12:12:48.371, 0.1749,-0.1341,-0.8946, 0.0597, 0.1237, 0.0403, 0.6527,-0.1442, 0.2055, 0.1231, 0.2535,-1.2897, 0.3049,-0.9449,-0.1189, 0.9300, 0.2686, 0.2508,-0.2050,-0.1870, 0.9607, 0.1375,-0.0271,-0.5889, 0.7960,Unknown,Low, 100.8415, 1.4929,-94.2197, 329.6786,-435.2748, 12.0214, 14.8478,-34.7143
12-Aug-2023 12:12:48.471, 0.1194,-0.2289,-0.8916, 0.0540, 0.0092, 0.0750,-0.1120,-0.6321,-0.1566, 0.0725, 0.2375,-1.2938, 0.2891,-0.9547,-0.0704, 0.9349, 0.2658, 0.2353,-0.2059,-0.1338, 0.9694, 0.1162,-0.0426,-0.5947, 0.7944,Unknown,Low, 100.8415, 1.4929,-96.1456, 330.7509,-435.6479, 10.3256, 15.5930,-35.1117
12-Aug-2023 12:12:48.572, 0.0332,-0.2310,-0.9690,-0.0068,-0.0040, 0.0000,-0.4016,-0.2141, 0.1185, 0.0447, 0.2223,-1.2859, 0.2902,-0.9560,-0.0436, 0.9361, 0.2741, 0.2205,-0.1988,-0.1048, 0.9744, 0.1021,-0.0487,-0.5937, 0.7967,Unknown,Low, 100.8415, 1.4929,-97.0289, 331.6030,-435.3669, 9.0192, 16.4461,-35.1087
12-Aug-2023 12:12:48.672, 0.0010,-0.2090,-0.9571,-0.0218,-0.0064, 0.0163,-0.1297,-0.1272, 0.0218, 0.0264, 0.2101,-1.2789, 0.2930,-0.9558,-0.0258, 0.9366, 0.2815, 0.2085,-0.1920,-0.0853, 0.9777, 0.0919,-0.0520,-0.5923, 0.7988,Unknown,Low, 100.8415, 1.4956,-97.3354, 331.4532,-435.4862, 8.6146, 16.6421,-35.1216
12-Aug-2023 12:12:48.773,-0.0345,-0.1837,-0.9419,-0.0359, 0.0178, 0.0488,-0.1386,-0.3954, 0.0584, 0.0012, 0.2012,-1.2724, 0.2942,-0.9557,-0.0012, 0.9365, 0.2881, 0.1999,-0.1907,-0.0599, 0.9798, 0.0811,-0.0592,-0.5911, 0.8003,Unknown,Low, 100.8415, 1.4956,-98.7551, 331.9351,-435.3588, 7.6721, 17.1068,-35.0155
12-Aug-2023 12:12:48.874,-0.0121,-0.1970,-0.9355,-0.0269, 0.0097, 0.0532,-0.0504, 0.0941, 0.0497, 0.0143, 0.2032,-1.2699, 0.2991,-0.9541,-0.0140, 0.9354, 0.2902, 0.2018,-0.1885,-0.0735, 0.9793, 0.0859,-0.0544,-0.5895, 0.8013,Unknown,Low, 100.8415, 1.4956,-98.2574, 332.1251,-435.1708, 8.0284, 16.8025,-34.7981
12-Aug-2023 12:12:48.974, 0.0397,-0.2073,-0.9525,-0.0034, 0.0091, 0.0248, 0.0835, 0.3050, 0.0346, 0.0420, 0.2131,-1.2692, 0.3052,-0.9514,-0.0410, 0.9333, 0.2903, 0.2115,-0.1893,-0.1028, 0.9765, 0.0980,-0.0462,-0.5876, 0.8019,Unknown,Low, 100.8415, 1.4956,-97.4837, 332.0040,-435.3441, 9.5880, 16.3323,-34.6647
12-Aug-2023 12:12:49.075, 0.0801,-0.2210,-0.9937, 0.0182,-0.0020,-0.0145, 0.1162, 0.4481,-0.0342, 0.0680, 0.2200,-1.2754, 0.3047,-0.9502,-0.0663, 0.9336, 0.2841, 0.2183,-0.1885,-0.1284, 0.9736, 0.1083,-0.0382,-0.5884, 0.8004,Unknown,Low, 100.8415, 1.4956,-96.0052, 331.2317,-435.3351, 10.4913, 15.9386,-34.7761
12-Aug-2023 12:12:49.176, 0.0481,-0.2000,-0.9603,-0.0030, 0.0102, 0.0153,-0.2676,-0.0688,-0.0645, 0.0566, 0.2074,-1.2781, 0.2992,-0.9526,-0.0553, 0.9369, 0.2824, 0.2060,-0.1806,-0.1135, 0.9770, 0.0999,-0.0391,-0.5906, 0.7998,Unknown,Low, 100.8415, 1.4956,-96.2722, 331.8807,-434.9989, 9.7636, 16.5505,-34.6739
12-Aug-2023 12:12:49.276, 0.0462,-0.1698,-0.9735,-0.0059, 0.0209, 0.0027,-0.1015,-0.0835,-0.0381, 0.0527, 0.1958,-1.2794, 0.2967,-0.9536,-0.0517, 0.9395, 0.2818, 0.1945,-0.1709,-0.1063, 0.9795, 0.0940,-0.0373,-0.5918, 0.7997,Unknown,Low, 100.8415, 1.4956,-96.6308, 332.1102,-435.0087, 9.6350, 17.0843,-34.5903
12-Aug-2023 12:12:49.377, 0.0553,-0.1861,-0.9819, 0.0079, 0.0026, 0.0006,-0.0068, 0.0208,-0.0342, 0.0503, 0.1941,-1.2799, 0.2957,-0.9540,-0.0493, 0.9400, 0.2814, 0.1929,-0.1701,-0.1034, 0.9800, 0.0927,-0.0378,-0.5922, 0.7996,Unknown,Low, 100.8415, 1.4956,-96.8376, 331.9902,-434.9680, 9.6159, 17.1226,-34.5383
12-Aug-2023 12:12:49.477, 0.0418,-0.1785,-0.9602, 0.0030,-0.0035, 0.0298,-0.1611,-0.1062, 0.0005, 0.0392, 0.1782,-1.2773, 0.2958,-0.9545,-0.0386, 0.9421, 0.2848, 0.1772,-0.1582,-0.0888, 0.9834, 0.0831,-0.0373,-0.5922, 0.8006,Unknown,Low, 100.8415, 1.4956,-97.5761, 332.9783,-434.9072, 9.4022, 17.8747,-34.4315
12-Aug-2023 12:12:49.577, 0.0170,-0.1284,-0.9599,-0.0015, 0.0097, 0.0231,-0.2418,-0.0584, 0.0390, 0.0210, 0.1370,-1.2708, 0.2981,-0.9543,-0.0208, 0.9464, 0.2927, 0.1366,-0.1242,-0.0604, 0.9904, 0.0613,-0.0322,-0.5915, 0.8033,Unknown,Low, 100.8415, 1.4956,-98.0731, 334.1794,-434.2144, 8.6149, 19.1321,-33.7957
12-Aug-2023 12:12:49.678, 0.0084,-0.0964,-1.0220,-0.0125, 0.0314,-0.0376,-0.3832,-0.1166, 0.0372, 0.0242, 0.1253,-1.2651, 0.3038,-0.9524,-0.0240, 0.9462, 0.2986, 0.1249,-0.1118,-0.0606, 0.9919, 0.0576,-0.0273,-0.5894, 0.8053,Unknown,Low, 100.8415, 1.4956,-97.9571, 334.9387,-433.8118, 8.6816, 19.9962,-33.4534
12-Aug-2023 12:12:49.778, 0.0094,-0.1150,-0.9879,-0.0109, 0.0151, 0.0011, 0.0029,-0.0202,-0.0346, 0.0229, 0.1277,-1.2655, 0.3033,-0.9526,-0.0227, 0.9460, 0.2982, 0.1274,-0.1146,-0.0601, 0.9916, 0.0582,-0.0285,-0.5895, 0.8052,Unknown,Low, 100.8415, 1.4956,-97.7598, 334.8459,-433.9060, 8.7330, 19.6410,-33.5141
12-Aug-2023 12:12:49.879, 0.0141,-0.1221,-0.9769,-0.0080, 0.0048, 0.0144,-0.0930,-0.0099,-0.0023, 0.0214, 0.1266,-1.2660, 0.3026,-0.9529,-0.0212, 0.9463, 0.2977, 0.1263,-0.1140,-0.0583, 0.9918, 0.0573,-0.0288,-0.5898, 0.8050,Unknown,Low, 100.8415, 1.4956,-97.6366, 334.5226,-433.8398, 8.6980, 19.3375,-33.5149
12-Aug-2023 12:12:49.980, 0.0150,-0.1100,-0.9757,-0.0025, 0.0054, 0.0150,-0.0923,-0.0158,-0.0079, 0.0197, 0.1202,-1.2656, 0.3027,-0.9529,-0.0195, 0.9469, 0.2983, 0.1199,-0.1084,-0.0548, 0.9926, 0.0542,-0.0276,-0.5898, 0.8052,Unknown,Low, 100.8415, 1.4956,-98.0514, 334.6494,-433.6412, 8.6865, 19.5583,-33.3151
12-Aug-2023 12:12:50.080, 0.0162,-0.1093,-0.9736,-0.0000, 0.0067, 0.0164,-0.0670,-0.0055,-0.0244, 0.0178, 0.1146,-1.2662, 0.3018,-0.9532,-0.0177, 0.9477, 0.2980, 0.1143,-0.1037,-0.0513, 0.9933, 0.0514,-0.0267,-0.5902, 0.8052,Unknown,Low, 100.8415, 1.4956,-97.8468, 335.2574,-433.5868, 8.5853, 19.9757,-33.2779
12-Aug-2023 12:12:50.180, 0.0117,-0.1028,-0.9914,-0.0119, 0.0136, 0.0013, 0.0335, 0.0656,-0.0411, 0.0207, 0.1141,-1.2676, 0.3008,-0.9535,-0.0205, 0.9482, 0.2966, 0.1139,-0.1025,-0.0537, 0.9933, 0.0521,-0.0255,-0.5907, 0.8048,Unknown,Low, 100.8415, 1.4956,-98.0871, 335.5381,-433.5126, 8.6252, 20.0978,-33.1895
12-Aug-2023 12:12:50.281, 0.0340,-0.1210,-0.9708, 0.0050,-0.0000, 0.0213,-0.0419, 0.0025,-0.0371, 0.0249, 0.1207,-1.2712, 0.2979,-0.9543,-0.0247, 0.9485, 0.2930, 0.1204,-0.1076,-0.0593, 0.9924, 0.0559,-0.0258,-0.5919, 0.8036,Unknown,Low, 100.8415, 1.4956,-97.6941, 334.6174,-433.6542, 8.7395, 19.7396,-33.4687
